2024-07-19T10:55:16,1016.97,500,30.40,46.00,500,-999,-999,
2024-07-19T10:55:19,305.10,500,30.40,46.00,500,32.30,29.00,
2024-07-19T10:55:22,1195.85,506,30.40,46.00,2500,32.10,29.00,
2024-07-19T10:55:25,208.42,503,30.40,46.00,2500,32.10,29.00,
2024-07-19T10:55:28,617.72,501,30.40,46.00,2500,32.10,29.00,
2024-07-19T10:55:31,1294.10,500,30.40,46.00,2500,32.30,29.00,
2024-07-19T10:55:34,349.87,500,30.40,46.00,2500,32.10,29.00,
2024-07-19T10:55:37,1163.99,501,30.40,46.00,2500,32.30,29.00,
2024-07-19T10:55:40,1303.25,502,30.30,46.00,2500,32.30,29.00,
2024-07-19T10:55:43,642.92,504,30.30,46.00,2500,32.00,29.00,
2024-07-19T10:55:47,703.43,507,30.30,46.00,2500,32.40,28.00,
2024-07-19T10:55:50,609.77,512,30.30,46.00,2500,32.40,28.00,
2024-07-19T10:55:53,1060.95,518,30.30,46.00,2500,32.50,28.00,
2024-07-19T10:55:56,1391.14,526,30.30,46.00,2500,32.40,28.00,
2024-07-19T10:55:59,896.59,534,30.20,46.00,2500,32.50,28.00,
2024-07-19T10:56:02,344.68,542,30.20,46.00,2500,32.50,29.00,
2024-07-19T10:56:05,772.28,551,30.20,46.00,2500,32.50,28.00,
2024-07-19T10:56:08,1134.31,558,30.20,46.00,2500,32.50,28.00,
2024-07-19T10:56:11,453.12,566,30.20,46.00,2500,32.40,28.00,
2024-07-19T10:56:14,182.44,573,30.20,46.00,2500,32.50,28.00,
2024-07-19T10:56:17,1019.86,579,30.20,46.00,2500,32.60,28.00,
2024-07-19T10:56:20,991.78,584,30.20,47.00,2500,32.50,28.00,
2024-07-19T10:56:24,711.01,588,30.20,47.00,2500,32.50,28.00,
2024-07-19T10:56:27,449.88,593,30.20,47.00,2500,32.50,28.00,
2024-07-19T10:56:30,1099.85,596,30.10,47.00,2500,32.50,28.00,
2024-07-19T10:56:33,1333.64,599,30.10,47.00,2500,32.50,28.00,
2024-07-19T10:56:36,480.13,597,30.10,47.00,2500,32.60,28.00,
2024-07-19T10:56:39,715.27,595,30.10,47.00,2500,32.60,28.00,
2024-07-19T10:56:42,1171.66,592,30.10,47.00,2500,32.60,28.00,
2024-07-19T10:56:45,332.48,588,30.00,47.00,2500,32.60,28.00,
2024-07-19T10:56:48,657.55,582,30.00,47.00,2500,32.60,28.00,
2024-07-19T10:56:51,1004.97,577,30.00,47.00,2500,32.60,28.00,
2024-07-19T10:56:54,254.35,571,30.00,47.00,2500,32.50,28.00,
2024-07-19T10:56:57,1391.71,567,30.00,47.00,2500,32.60,28.00,
2024-07-19T10:57:00,481.72,563,30.00,47.00,2500,32.70,28.00,
2024-07-19T10:57:04,1210.44,560,29.90,47.00,2500,32.60,28.00,
2024-07-19T10:57:07,901.36,557,29.90,47.00,2500,32.60,28.00,
2024-07-19T10:57:10,724.72,556,30.00,47.00,2500,32.70,28.00,
2024-07-19T10:57:13,1204.74,556,30.00,47.00,2500,32.70,28.00,
2024-07-19T10:57:16,425.48,554,29.90,47.00,2500,32.80,28.00,
2024-07-19T10:57:19,1194.58,551,30.00,47.00,2500,32.70,28.00,
2024-07-19T10:57:22,725.05,546,30.00,47.00,2500,32.70,28.00,
2024-07-19T10:57:25,398.09,542,29.90,47.00,2500,32.70,28.00,
2024-07-19T10:57:28,1426.38,536,29.90,47.00,2500,32.80,27.00,
2024-07-19T10:57:31,248.99,530,29.90,47.00,2500,32.70,27.00,
2024-07-19T10:57:34,1309.57,523,29.90,47.00,2500,32.80,27.00,
2024-07-19T10:57:37,697.64,516,29.90,47.00,2500,32.80,27.00,
2024-07-19T10:57:41,499.96,511,29.90,47.00,2500,32.80,27.00,
2024-07-19T10:57:44,1388.10,508,29.90,47.00,2500,32.80,27.00,
2024-07-19T10:57:47,312.10,505,29.90,47.00,2500,32.80,27.00,
2024-07-19T10:57:50,1231.32,503,29.90,47.00,2500,32.80,27.00,
2024-07-19T10:57:53,892.19,502,29.90,47.00,2500,32.80,27.00,
2024-07-19T10:57:56,595.99,502,29.90,47.00,2500,32.90,27.00,
2024-07-19T10:57:59,1296.17,503,29.90,47.00,2500,32.80,27.00,
2024-07-19T10:58:02,253.87,503,29.90,47.00,2500,32.60,27.00,
2024-07-19T10:58:05,1290.81,504,29.90,47.00,2500,33.00,28.00,
2024-07-19T10:58:08,271.25,505,29.90,47.00,2500,32.90,27.00,
2024-07-19T10:58:11,1333.94,506,29.80,47.00,2500,33.00,28.00,
2024-07-19T10:58:14,290.53,506,29.80,47.00,2500,33.00,28.00,
2024-07-19T10:58:17,912.68,505,29.80,47.00,2500,32.80,27.00,
2024-07-19T10:58:21,789.86,503,29.80,47.00,2500,32.90,27.00,
2024-07-19T10:58:24,722.81,501,29.80,47.00,2500,33.00,28.00,
2024-07-19T10:58:27,775.10,498,29.80,47.00,2500,33.00,28.00,
2024-07-19T10:58:30,1212.56,495,29.80,47.00,2500,32.90,27.00,
2024-07-19T10:58:33,741.73,492,29.80,47.00,2500,33.00,28.00,
2024-07-19T10:58:36,713.82,490,29.80,47.00,2500,33.00,28.00,
2024-07-19T10:58:39,1179.32,489,29.80,47.00,2500,32.90,27.00,
2024-07-19T10:58:42,183.79,488,29.80,47.00,2500,33.00,28.00,
2024-07-19T10:58:45,1305.41,488,29.80,47.00,2500,33.00,28.00,
2024-07-19T10:58:48,230.17,487,29.80,47.00,2500,32.80,27.00,
2024-07-19T10:58:51,1242.73,486,29.80,47.00,2500,33.00,28.00,
2024-07-19T10:58:54,462.76,485,29.80,47.00,2500,33.00,28.00,
2024-07-19T10:58:58,1313.88,481,29.80,47.00,2500,33.00,28.00,
2024-07-19T10:59:01,444.77,479,29.80,47.00,2500,33.00,28.00,
2024-07-19T10:59:04,1415.05,477,29.80,47.00,2500,33.00,28.00,
2024-07-19T10:59:07,613.22,476,29.80,47.00,2500,33.00,28.00,
2024-07-19T10:59:10,846.75,475,29.80,47.00,2500,33.00,28.00,
2024-07-19T10:59:13,238.94,476,29.80,47.00,2500,33.00,28.00,
2024-07-19T10:59:16,1507.69,476,29.80,47.00,2500,33.00,28.00,
2024-07-19T10:59:19,455.17,477,29.80,47.00,2500,33.00,28.00,
2024-07-19T10:59:22,940.29,479,29.80,47.00,2500,33.00,28.00,
2024-07-19T10:59:25,534.67,480,29.80,47.00,2500,33.00,28.00,
2024-07-19T10:59:28,936.66,481,29.80,47.00,2500,33.00,28.00,
2024-07-19T10:59:31,293.24,482,29.80,47.00,2500,33.00,28.00,
2024-07-19T10:59:34,926.46,484,29.80,47.00,2500,33.00,28.00,
2024-07-19T10:59:38,516.13,485,29.80,47.00,2500,33.00,28.00,
2024-07-19T10:59:41,885.73,485,29.80,47.00,2500,33.00,28.00,
2024-07-19T10:59:44,402.54,486,29.80,47.00,2500,33.00,28.00,
2024-07-19T10:59:47,560.54,486,29.80,47.00,2500,33.00,28.00,
2024-07-19T10:59:50,1279.92,486,29.80,47.00,2500,33.00,28.00,
2024-07-19T10:59:53,264.57,486,29.80,47.00,2500,33.00,28.00,
2024-07-19T10:59:56,493.25,486,29.80,47.00,2500,33.00,28.00,
2024-07-19T10:59:59,1257.09,485,29.80,47.00,2500,33.10,28.00,
2024-07-19T11:00:02,243.15,484,29.80,47.00,2500,33.00,28.00,
2024-07-19T11:00:05,988.50,484,29.80,47.00,2500,33.00,28.00,
2024-07-19T11:00:08,1148.76,484,29.80,47.00,2500,33.00,28.00,
2024-07-19T11:00:11,232.49,484,29.80,47.00,2500,33.10,28.00,
2024-07-19T11:00:15,1317.98,483,29.80,47.00,2500,32.40,27.00,
2024-07-19T11:00:18,456.17,484,29.80,47.00,2500,32.80,27.00,
2024-07-19T11:00:21,250.06,484,29.80,47.00,2500,32.80,27.00,
2024-07-19T11:00:24,405.16,484,29.80,47.00,2500,33.00,28.00,
2024-07-19T11:00:27,861.94,484,29.80,47.00,2500,33.00,28.00,
2024-07-19T11:00:30,849.18,484,29.80,47.00,2500,33.00,28.00,
2024-07-19T11:00:33,419.12,484,29.80,47.00,2500,33.00,28.00,
2024-07-19T11:00:36,1552.72,484,29.80,47.00,2500,33.10,28.00,
2024-07-19T11:00:39,1598.63,484,29.80,47.00,2500,33.00,28.00,
2024-07-19T11:00:42,1178.80,484,29.80,47.00,2500,33.00,28.00,
2024-07-19T11:00:45,1261.89,485,29.80,47.00,2500,33.00,28.00,
2024-07-19T11:00:48,809.53,486,29.80,47.00,2500,33.10,28.00,
2024-07-19T11:00:51,558.02,488,29.80,47.00,2500,33.00,28.00,
2024-07-19T11:00:55,1082.44,488,29.80,47.00,2500,33.00,28.00,
2024-07-19T11:00:58,844.82,489,29.80,47.00,2500,33.10,28.00,
2024-07-19T11:01:01,390.83,490,29.80,47.00,2500,33.10,28.00,
2024-07-19T11:01:04,559.21,490,29.80,47.00,2500,33.10,28.00,
2024-07-19T11:01:07,1409.75,490,29.80,47.00,2500,33.00,28.00,
2024-07-19T11:01:10,1175.24,489,29.80,47.00,2500,33.00,28.00,
2024-07-19T11:01:13,285.29,488,29.80,47.00,2500,33.00,28.00,
2024-07-19T11:01:16,839.72,487,29.80,47.00,2500,33.00,28.00,
2024-07-19T11:01:19,1104.56,486,29.80,47.00,2500,33.10,28.00,
2024-07-19T11:01:22,1170.17,484,29.80,47.00,2500,33.00,27.00,
2024-07-19T11:01:25,560.21,484,29.80,47.00,2500,33.10,28.00,
2024-07-19T11:01:28,329.62,484,29.80,47.00,2500,33.00,27.00,
2024-07-19T11:01:32,166.85,483,29.80,47.00,2500,33.10,28.00,
2024-07-19T11:01:35,537.55,481,29.80,47.00,2500,33.10,27.00,
2024-07-19T11:01:38,1235.65,481,29.80,47.00,2500,33.10,28.00,
2024-07-19T11:01:41,997.76,480,29.80,47.00,2500,33.00,28.00,
2024-07-19T11:01:44,648.55,480,29.80,47.00,2500,33.10,28.00,
2024-07-19T11:01:47,299.45,480,29.80,47.00,2500,33.10,28.00,
2024-07-19T11:01:50,305.16,479,29.80,47.00,2500,33.10,28.00,
2024-07-19T11:01:53,433.96,478,29.80,47.00,2500,33.00,28.00,
2024-07-19T11:01:56,259.35,477,29.80,47.00,2500,33.00,28.00,
2024-07-19T11:01:59,312.61,476,29.80,47.00,2500,33.00,28.00,
2024-07-19T11:02:02,1242.84,475,29.80,47.00,2500,33.00,28.00,
2024-07-19T11:02:05,465.65,473,29.80,47.00,2500,33.00,28.00,
2024-07-19T11:02:08,341.86,471,29.80,47.00,2500,33.00,28.00,
2024-07-19T11:02:12,995.55,469,29.80,47.00,2500,33.10,28.00,
2024-07-19T11:02:15,1121.59,468,29.80,47.00,2500,33.00,28.00,
2024-07-19T11:02:18,318.22,466,29.80,47.00,2500,33.10,28.00,
2024-07-19T11:02:21,712.59,463,29.80,47.00,2500,33.00,28.00,
2024-07-19T11:02:24,809.02,461,29.80,47.00,2500,33.00,28.00,
2024-07-19T11:02:27,772.56,459,29.80,47.00,2500,33.00,28.00,
2024-07-19T11:02:30,1237.06,457,29.80,47.00,2500,33.10,28.00,
2024-07-19T11:02:33,331.38,455,29.80,47.00,2500,33.00,28.00,
2024-07-19T11:02:36,1320.06,454,29.80,47.00,2500,33.00,28.00,
2024-07-19T11:02:39,368.60,452,29.80,47.00,2500,32.90,27.00,
2024-07-19T11:02:42,1154.01,452,29.80,47.00,2500,32.80,27.00,
2024-07-19T11:02:45,790.57,452,29.80,47.00,2500,33.30,28.00,
2024-07-19T11:02:49,263.30,452,29.80,47.00,2500,33.00,28.00,
2024-07-19T11:02:52,1066.93,451,29.80,47.00,2500,33.00,28.00,
2024-07-19T11:02:55,488.33,452,29.80,47.00,2500,33.00,28.00,
2024-07-19T11:02:58,1046.79,453,29.80,47.00,2500,33.00,28.00,
2024-07-19T11:03:01,508.02,454,29.80,47.00,2500,33.00,28.00,
2024-07-19T11:03:04,513.14,455,29.80,47.00,2500,33.00,28.00,
2024-07-19T11:03:07,1371.44,456,29.80,47.00,2500,33.00,28.00,
2024-07-19T11:03:10,919.64,457,29.80,47.00,2500,33.00,28.00,
2024-07-19T11:03:13,406.26,457,29.70,47.00,2500,33.10,28.00,
2024-07-19T11:03:16,484.97,457,29.70,47.00,2500,33.00,28.00,
2024-07-19T11:03:19,1254.58,456,29.70,47.00,2500,33.00,28.00,
2024-07-19T11:03:22,661.38,455,29.70,47.00,2500,33.10,27.00,
2024-07-19T11:03:25,519.51,453,29.70,47.00,2500,33.00,27.00,
2024-07-19T11:03:29,1028.25,452,29.70,47.00,2500,33.00,27.00,
2024-07-19T11:03:32,1128.54,451,29.70,47.00,2500,33.00,27.00,
2024-07-19T11:03:35,365.98,451,29.70,47.00,2500,33.00,27.00,
2024-07-19T11:03:38,484.79,451,29.70,47.00,2500,33.00,27.00,
2024-07-19T11:03:41,1388.81,452,29.70,47.00,2500,33.10,27.00,
2024-07-19T11:03:44,562.67,452,29.70,47.00,2500,33.00,27.00,
2024-07-19T11:03:47,357.53,454,29.80,47.00,2500,33.10,27.00,
2024-07-19T11:03:50,1264.94,454,29.80,47.00,2500,33.00,27.00,
2024-07-19T11:03:53,975.05,453,29.80,47.00,2500,33.00,27.00,
2024-07-19T11:03:56,323.07,452,29.80,47.00,2500,33.00,27.00,
2024-07-19T11:03:59,678.48,452,29.80,47.00,2500,33.10,27.00,
2024-07-19T11:04:02,1100.01,451,29.80,47.00,2500,33.00,27.00,
2024-07-19T11:04:06,365.62,451,29.80,47.00,2500,33.00,27.00,
2024-07-19T11:04:09,1069.09,450,29.80,47.00,2500,33.10,27.00,
2024-07-19T11:04:12,429.61,449,29.80,47.00,2500,33.00,27.00,
2024-07-19T11:04:15,1183.43,450,29.80,47.00,2500,33.00,27.00,
2024-07-19T11:04:18,781.28,451,29.80,47.00,2500,33.00,27.00,
2024-07-19T11:04:21,464.00,450,29.80,47.00,2500,33.00,27.00,
2024-07-19T11:04:24,1343.21,449,29.80,47.00,2500,33.00,27.00,
2024-07-19T11:04:27,384.86,448,29.80,47.00,2500,33.00,27.00,
2024-07-19T11:04:30,1750.95,447,29.80,47.00,2500,33.00,27.00,
2024-07-19T11:04:33,394.22,445,29.80,47.00,2500,33.00,27.00,
2024-07-19T11:04:36,1378.66,444,29.80,47.00,2500,33.00,27.00,
2024-07-19T11:04:39,262.97,445,29.80,47.00,2500,33.00,27.00,
2024-07-19T11:04:42,1210.11,445,29.80,47.00,2500,33.00,27.00,
2024-07-19T11:04:46,245.82,448,29.80,47.00,2500,33.00,27.00,
2024-07-19T11:04:49,1064.16,450,29.80,47.00,2500,33.00,27.00,
2024-07-19T11:04:52,639.30,453,29.80,47.00,2500,33.00,27.00,
2024-07-19T11:04:55,515.34,454,29.80,47.00,2500,33.00,27.00,
2024-07-19T11:04:58,1272.67,456,29.80,47.00,2500,33.00,27.00,
2024-07-19T11:05:01,154.62,456,29.80,47.00,2500,32.80,26.00,
2024-07-19T11:05:04,1506.93,454,29.80,47.00,2500,32.90,26.00,
2024-07-19T11:05:07,584.62,453,29.80,47.00,2500,33.00,27.00,
2024-07-19T11:05:10,1216.11,452,29.80,47.00,2500,33.00,27.00,
2024-07-19T11:05:13,694.11,451,29.80,47.00,2500,33.00,27.00,
2024-07-19T11:05:16,598.63,449,29.80,47.00,2500,33.00,27.00,
2024-07-19T11:05:19,1204.93,448,29.80,47.00,2500,33.00,27.00,
2024-07-19T11:05:23,342.88,447,29.80,47.00,2500,33.00,28.00,
2024-07-19T11:05:26,1534.03,446,29.80,47.00,2500,33.00,28.00,
2024-07-19T11:05:29,476.37,447,29.80,47.00,2500,33.10,27.00,
2024-07-19T11:05:32,655.10,446,29.80,47.00,2500,33.00,27.00,
2024-07-19T11:05:35,861.40,445,29.80,47.00,2500,33.00,27.00,
2024-07-19T11:05:38,299.91,445,29.80,47.00,2500,33.00,27.00,
2024-07-19T11:05:41,1281.78,445,29.80,46.00,2500,33.00,27.00,
2024-07-19T11:05:44,782.06,445,29.80,46.00,2500,33.00,27.00,
2024-07-19T11:05:47,281.44,445,29.80,46.00,2500,33.10,27.00,
2024-07-19T11:05:50,744.26,446,29.80,46.00,2500,33.10,27.00,
2024-07-19T11:05:53,1294.70,447,29.80,46.00,2500,33.00,27.00,
2024-07-19T11:05:56,1023.72,446,29.80,46.00,2500,33.10,27.00,
2024-07-19T11:05:59,419.09,447,29.80,46.00,2500,33.00,27.00,
2024-07-19T11:06:03,1305.14,446,29.80,46.00,2500,33.00,27.00,
2024-07-19T11:06:06,349.47,445,29.80,46.00,2500,33.00,27.00,
2024-07-19T11:06:09,749.45,443,29.80,46.00,2500,33.00,27.00,
2024-07-19T11:06:12,943.25,442,29.80,46.00,2500,33.10,27.00,
2024-07-19T11:06:15,781.03,440,29.80,46.00,2500,33.10,27.00,
2024-07-19T11:06:18,1241.24,439,29.80,46.00,2500,33.10,27.00,
2024-07-19T11:06:21,689.22,439,29.80,46.00,2500,33.10,27.00,
2024-07-19T11:06:24,826.56,439,29.80,46.00,2500,33.00,27.00,
2024-07-19T11:06:27,654.07,439,29.80,46.00,2500,33.00,27.00,
2024-07-19T11:06:30,892.22,441,29.80,46.00,2500,33.10,27.00,
2024-07-19T11:06:33,269.92,442,29.80,46.00,2500,33.20,27.00,
2024-07-19T11:06:36,1498.68,444,29.80,46.00,2500,33.20,27.00,
2024-07-19T11:06:40,969.49,444,29.80,46.00,2500,33.20,27.00,
2024-07-19T11:06:43,497.63,444,29.90,46.00,2500,33.10,27.00,
2024-07-19T11:06:46,1410.54,444,29.90,46.00,2500,33.10,27.00,
2024-07-19T11:06:49,828.13,443,29.90,46.00,2500,33.20,27.00,
2024-07-19T11:06:52,311.10,442,29.90,46.00,2500,33.10,27.00,
2024-07-19T11:06:55,646.95,441,29.90,46.00,2500,33.20,27.00,
2024-07-19T11:06:58,1325.60,439,29.90,46.00,2500,33.10,27.00,
2024-07-19T11:07:01,236.54,436,29.90,46.00,2500,33.10,27.00,
2024-07-19T11:07:04,1110.45,435,29.90,46.00,2500,33.10,27.00,
2024-07-19T11:07:07,771.78,434,29.90,46.00,2500,33.10,27.00,
2024-07-19T11:07:10,674.61,432,29.90,46.00,2500,33.10,27.00,
2024-07-19T11:07:13,796.38,432,29.90,46.00,2500,33.10,27.00,
2024-07-19T11:07:16,765.02,433,29.90,46.00,2500,33.20,27.00,
2024-07-19T11:07:20,345.33,434,29.90,46.00,2500,33.30,27.00,
2024-07-19T11:07:23,1321.44,436,29.90,46.00,2500,33.30,27.00,
2024-07-19T11:07:26,415.30,437,29.90,46.00,2500,33.20,27.00,
2024-07-19T11:07:29,1109.71,439,29.90,46.00,2500,33.20,27.00,
2024-07-19T11:07:32,760.61,441,29.90,46.00,2500,33.30,27.00,
2024-07-19T11:07:35,408.38,441,29.90,46.00,2500,33.20,27.00,
2024-07-19T11:07:38,1345.27,441,29.90,46.00,2500,33.20,27.00,
2024-07-19T11:07:41,287.65,440,29.90,46.00,2500,33.20,27.00,
2024-07-19T11:07:44,1129.48,439,29.90,46.00,2500,33.20,27.00,
2024-07-19T11:07:47,168.06,439,29.90,46.00,2500,33.30,27.00,
2024-07-19T11:07:50,1080.98,437,29.90,46.00,2500,33.30,27.00,
2024-07-19T11:07:53,735.34,437,29.90,46.00,2500,33.20,27.00,
2024-07-19T11:07:57,575.84,437,29.90,46.00,2500,33.30,27.00,
2024-07-19T11:08:00,1182.83,438,29.90,46.00,2500,33.30,27.00,
2024-07-19T11:08:03,322.90,440,29.90,46.00,2500,33.20,27.00,
2024-07-19T11:08:06,1146.19,441,29.80,46.00,2500,33.30,27.00,
2024-07-19T11:08:09,613.28,443,29.80,46.00,2500,33.30,27.00,
2024-07-19T11:08:12,782.12,445,29.90,46.00,2500,33.30,27.00,
2024-07-19T11:08:15,1294.14,446,29.90,46.00,2500,33.30,27.00,
2024-07-19T11:08:18,645.91,447,29.90,46.00,2500,33.30,27.00,
2024-07-19T11:08:21,1604.53,446,29.90,46.00,2500,33.30,27.00,
2024-07-19T11:08:24,270.93,445,29.90,46.00,2500,33.30,27.00,
2024-07-19T11:08:27,1331.98,442,29.90,46.00,2500,33.30,27.00,
2024-07-19T11:08:30,451.46,439,29.90,46.00,2500,33.30,26.00,
2024-07-19T11:08:33,1194.06,434,29.90,46.00,2500,33.30,26.00,
2024-07-19T11:08:37,290.35,431,29.90,46.00,2500,33.30,26.00,
2024-07-19T11:08:40,1125.00,428,29.90,46.00,2500,33.30,26.00,
2024-07-19T11:08:43,477.71,427,29.90,46.00,2500,33.40,26.00,
2024-07-19T11:08:46,339.85,426,29.90,46.00,2500,33.30,26.00,
2024-07-19T11:08:49,824.63,426,29.90,46.00,2500,33.30,26.00,
2024-07-19T11:08:52,772.85,428,29.90,46.00,2500,33.40,26.00,
2024-07-19T11:08:55,460.80,432,29.90,46.00,2500,33.30,26.00,
2024-07-19T11:08:58,844.82,435,29.90,46.00,2500,33.30,26.00,
2024-07-19T11:09:01,734.10,437,29.90,46.00,2500,33.40,26.00,
2024-07-19T11:09:04,866.97,440,29.90,46.00,2500,33.30,26.00,
2024-07-19T11:09:07,1328.34,441,29.90,46.00,2500,33.30,26.00,
2024-07-19T11:09:10,155.35,441,29.90,46.00,2500,33.30,26.00,
2024-07-19T11:09:14,1206.42,440,29.90,46.00,2500,33.40,26.00,
2024-07-19T11:09:17,903.56,440,29.90,46.00,2500,33.40,26.00,
2024-07-19T11:09:20,853.30,438,29.90,46.00,2500,33.30,26.00,
2024-07-19T11:09:23,1114.80,436,29.80,46.00,2500,33.50,26.00,
2024-07-19T11:09:26,243.33,435,29.80,46.00,2500,33.30,26.00,
2024-07-19T11:09:29,1415.26,434,29.80,46.00,2500,33.30,26.00,
2024-07-19T11:09:32,315.64,433,29.80,46.00,2500,33.40,26.00,
2024-07-19T11:09:35,1198.00,432,29.80,46.00,2500,34.20,26.00,
2024-07-19T11:09:38,375.95,433,29.80,46.00,2500,33.30,26.00,
2024-07-19T11:09:41,1035.92,432,29.80,46.00,2500,33.30,26.00,
2024-07-19T11:09:44,1170.73,432,29.80,46.00,2500,33.30,26.00,
2024-07-19T11:09:47,422.33,433,29.90,46.00,2500,33.40,26.00,
2024-07-19T11:09:50,1467.12,433,29.90,46.00,2500,33.50,26.00,
2024-07-19T11:09:54,490.13,433,29.90,46.00,2500,33.50,26.00,
2024-07-19T11:09:57,955.49,433,29.90,46.00,2500,33.50,26.00,
2024-07-19T11:10:00,461.48,433,29.90,46.00,2500,33.30,26.00,
2024-07-19T11:10:03,917.19,432,29.90,46.00,2500,33.50,26.00,
2024-07-19T11:10:06,336.35,431,30.00,46.00,2500,33.30,27.00,
2024-07-19T11:10:09,1089.94,430,29.90,46.00,2500,33.50,26.00,
2024-07-19T11:10:12,863.69,429,29.90,46.00,2500,33.40,26.00,
2024-07-19T11:10:15,1068.88,428,29.90,46.00,2500,33.50,26.00,
2024-07-19T11:10:18,892.29,427,29.90,46.00,2500,33.50,26.00,
2024-07-19T11:10:21,933.90,426,29.90,46.00,2500,33.40,26.00,
2024-07-19T11:10:24,971.77,425,29.80,46.00,2500,33.50,26.00,
2024-07-19T11:10:27,1420.42,425,29.80,46.00,2500,33.40,26.00,
2024-07-19T11:10:31,353.90,425,29.90,46.00,2500,33.50,26.00,
2024-07-19T11:10:34,1110.34,426,29.90,46.00,2500,33.50,26.00,
2024-07-19T11:10:37,746.31,427,29.90,46.00,2500,33.50,26.00,
2024-07-19T11:10:40,258.88,428,29.90,46.00,2500,33.30,26.00,
2024-07-19T11:10:43,1240.26,429,29.90,46.00,2500,33.50,26.00,
2024-07-19T11:10:46,623.50,428,29.90,46.00,2500,33.50,26.00,
2024-07-19T11:10:49,679.00,427,30.00,46.00,2500,33.40,26.00,
2024-07-19T11:10:52,1351.31,426,29.90,46.00,2500,33.50,26.00,
2024-07-19T11:10:55,249.27,426,29.90,46.00,2500,33.50,26.00,
2024-07-19T11:10:58,1487.55,426,29.90,46.00,2500,33.50,26.00,
2024-07-19T11:11:01,552.94,427,29.90,46.00,2500,33.50,26.00,
2024-07-19T11:11:04,634.23,427,29.90,46.00,2500,33.40,26.00,
2024-07-19T11:11:07,865.27,428,29.90,46.00,2500,33.50,26.00,
2024-07-19T11:11:11,837.88,428,29.90,46.00,2500,33.50,26.00,
2024-07-19T11:11:14,436.35,429,29.90,46.00,2500,33.50,26.00,
2024-07-19T11:11:17,1106.96,428,29.90,46.00,2500,33.50,26.00,
2024-07-19T11:11:20,943.73,426,29.90,46.00,2500,33.40,26.00,
2024-07-19T11:11:23,1262.86,423,29.90,46.00,2500,33.30,26.00,
2024-07-19T11:11:26,157.30,420,29.90,46.00,2500,33.50,26.00,
2024-07-19T11:11:29,1273.07,419,29.90,46.00,2500,33.50,26.00,
2024-07-19T11:11:32,479.06,417,29.90,46.00,2500,33.40,26.00,
2024-07-19T11:11:35,1202.99,416,29.90,46.00,2500,33.50,26.00,
2024-07-19T11:11:38,1010.90,416,29.90,46.00,2500,33.50,26.00,
2024-07-19T11:11:41,363.57,417,29.90,46.00,2500,33.50,26.00,
2024-07-19T11:11:44,1251.91,419,29.90,46.00,2500,33.50,26.00,
2024-07-19T11:11:48,538.21,418,29.90,46.00,2500,33.40,26.00,
2024-07-19T11:11:51,1004.94,419,29.90,46.00,2500,33.50,26.00,
2024-07-19T11:11:54,284.91,418,29.90,46.00,2500,33.50,26.00,
2024-07-19T11:11:57,922.42,417,29.90,46.00,2500,33.40,26.00,
2024-07-19T11:12:00,552.94,416,29.90,46.00,2500,33.50,26.00,
2024-07-19T11:12:03,972.33,415,29.90,46.00,2500,33.30,26.00,
2024-07-19T11:12:06,1280.86,415,29.90,46.00,2500,33.30,26.00,
2024-07-19T11:12:09,250.84,416,29.90,46.00,2500,33.30,26.00,
2024-07-19T11:12:12,897.94,417,29.90,46.00,2500,33.50,26.00,
2024-07-19T11:12:15,1038.26,418,29.90,46.00,2500,33.50,26.00,
2024-07-19T11:12:18,557.11,419,29.90,46.00,2500,33.30,26.00,
2024-07-19T11:12:21,1282.05,421,29.90,46.00,2500,33.50,26.00,
2024-07-19T11:12:24,572.82,421,29.90,46.00,2500,33.50,26.00,
2024-07-19T11:12:28,890.83,420,29.90,46.00,2500,33.50,26.00,
2024-07-19T11:12:31,1251.79,419,29.90,46.00,2500,33.40,26.00,
2024-07-19T11:12:34,512.31,419,29.90,46.00,2500,33.50,26.00,
2024-07-19T11:12:37,1284.36,418,29.90,46.00,2500,33.50,26.00,
2024-07-19T11:12:40,585.25,416,29.90,46.00,2500,33.50,26.00,
2024-07-19T11:12:43,1089.73,415,29.90,46.00,2500,33.50,26.00,
2024-07-19T11:12:46,508.36,414,29.90,46.00,2500,33.50,26.00,
2024-07-19T11:12:49,1124.47,413,29.90,46.00,2500,33.50,26.00,
2024-07-19T11:12:52,1218.01,412,29.90,46.00,2500,33.50,26.00,
2024-07-19T11:12:55,1076.93,410,29.90,46.00,2500,33.50,26.00,
2024-07-19T11:12:58,766.29,408,29.90,46.00,2500,33.50,26.00,
2024-07-19T11:13:01,861.78,408,29.90,46.00,2500,33.50,26.00,
2024-07-19T11:13:05,705.81,407,29.90,46.00,2500,33.50,26.00,
2024-07-19T11:13:08,580.32,408,29.90,46.00,2500,33.50,26.00,
2024-07-19T11:13:11,650.36,410,29.90,46.00,2500,33.50,26.00,
2024-07-19T11:13:14,518.72,412,29.90,46.00,2500,33.50,26.00,
2024-07-19T11:13:17,545.01,413,29.90,46.00,2500,33.40,26.00,
2024-07-19T11:13:20,665.53,415,29.90,46.00,2500,33.50,26.00,
2024-07-19T11:13:23,159.49,415,29.90,46.00,2500,33.40,26.00,
2024-07-19T11:13:26,1308.07,415,30.00,46.00,2500,33.40,26.00,
2024-07-19T11:13:29,359.17,414,30.00,46.00,2500,33.30,26.00,
2024-07-19T11:13:32,1158.12,414,30.00,46.00,2500,33.50,26.00,
2024-07-19T11:13:35,751.29,413,30.00,46.00,2500,33.50,26.00,
2024-07-19T11:13:38,324.17,413,30.00,46.00,2500,33.50,26.00,
2024-07-19T11:13:41,311.17,413,30.00,46.00,2500,33.50,26.00,
2024-07-19T11:13:45,874.97,415,30.00,46.00,2500,33.50,26.00,
2024-07-19T11:13:48,1463.80,417,30.00,46.00,2500,33.50,26.00,
2024-07-19T11:13:51,905.47,419,30.00,46.00,2500,33.50,26.00,
2024-07-19T11:13:54,978.59,420,30.00,46.00,2500,33.50,26.00,
2024-07-19T11:13:57,647.22,421,30.00,46.00,2500,33.50,26.00,
2024-07-19T11:14:00,1030.71,422,30.00,46.00,2500,33.50,26.00,
2024-07-19T11:14:03,252.01,422,30.00,46.00,2500,33.50,26.00,
2024-07-19T11:14:06,1330.60,420,30.00,46.00,2500,33.60,26.00,
2024-07-19T11:14:09,596.14,418,30.10,46.00,2500,33.50,26.00,
2024-07-19T11:14:12,889.50,416,30.00,46.00,2500,33.50,26.00,
2024-07-19T11:14:15,341.05,414,30.00,46.00,2500,33.50,26.00,
2024-07-19T11:14:18,1220.41,413,30.00,46.00,2500,33.00,26.00,
2024-07-19T11:14:22,338.05,411,30.00,46.00,2500,33.30,26.00,
2024-07-19T11:14:25,1313.58,411,30.10,46.00,2500,33.30,26.00,
2024-07-19T11:14:28,643.52,411,30.10,46.00,2500,33.40,26.00,
2024-07-19T11:14:31,1076.31,412,30.10,46.00,2500,33.50,26.00,
2024-07-19T11:14:34,734.59,414,30.10,46.00,2500,33.50,26.00,
2024-07-19T11:14:37,400.22,416,30.10,46.00,2500,33.50,26.00,
2024-07-19T11:14:40,1290.80,418,30.10,46.00,2500,33.50,26.00,
2024-07-19T11:14:43,973.56,419,30.10,46.00,2500,33.50,26.00,
2024-07-19T11:14:46,376.06,420,30.10,46.00,2500,33.30,26.00,
2024-07-19T11:14:49,1215.89,420,30.10,46.00,2500,33.50,26.00,
2024-07-19T11:14:52,910.35,419,30.10,46.00,2500,33.50,26.00,
2024-07-19T11:14:55,550.12,418,30.10,46.00,2500,33.60,26.00,
2024-07-19T11:14:58,1016.99,416,30.10,46.00,2500,33.50,26.00,
2024-07-19T11:15:02,329.82,416,30.20,46.00,2500,33.50,26.00,
2024-07-19T11:15:05,1099.90,416,30.20,46.00,2500,33.50,26.00,
2024-07-19T11:15:08,871.62,417,30.10,46.00,2500,33.60,26.00,
2024-07-19T11:15:11,1270.26,418,30.20,46.00,2500,33.50,26.00,
2024-07-19T11:15:14,348.42,420,30.20,46.00,2500,33.50,26.00,
2024-07-19T11:15:17,1259.43,423,30.20,46.00,2500,33.50,26.00,
2024-07-19T11:15:20,1024.02,425,30.20,46.00,2500,33.50,26.00,
2024-07-19T11:15:23,364.08,428,30.20,46.00,2500,33.50,26.00,
2024-07-19T11:15:26,1289.75,428,30.20,46.00,2500,33.50,26.00,
2024-07-19T11:15:29,290.57,428,30.20,46.00,2500,33.50,26.00,
2024-07-19T11:15:32,1234.00,427,30.10,46.00,2500,33.50,26.00,
2024-07-19T11:15:35,474.47,426,30.10,46.00,2500,33.50,26.00,
2024-07-19T11:15:39,1419.43,425,30.10,46.00,2500,33.60,26.00,
2024-07-19T11:15:42,360.53,424,30.20,46.00,2500,33.50,26.00,
2024-07-19T11:15:45,1173.32,422,30.20,46.00,2500,33.50,26.00,
2024-07-19T11:15:48,861.73,421,30.20,46.00,2500,33.50,26.00,
2024-07-19T11:15:51,510.36,420,30.20,46.00,2500,33.50,26.00,
2024-07-19T11:15:54,1312.04,420,30.20,46.00,2500,33.50,26.00,
2024-07-19T11:15:57,481.35,419,30.20,46.00,2500,33.60,26.00,
2024-07-19T11:16:00,987.33,418,30.20,46.00,2500,33.60,26.00,
2024-07-19T11:16:03,960.45,417,30.20,46.00,2500,33.60,26.00,
2024-07-19T11:16:06,605.35,417,30.20,46.00,2500,33.50,26.00,
2024-07-19T11:16:09,287.81,417,30.20,46.00,2500,33.70,26.00,
2024-07-19T11:16:12,1212.00,417,30.10,46.00,2500,33.50,26.00,
2024-07-19T11:16:15,368.16,417,30.20,46.00,2500,33.60,26.00,
2024-07-19T11:16:19,1410.65,417,30.20,46.00,2500,33.60,26.00,
2024-07-19T11:16:22,1172.75,418,30.20,46.00,2500,33.50,26.00,
2024-07-19T11:16:25,1023.43,419,30.20,46.00,2500,33.70,26.00,
2024-07-19T11:16:28,673.58,420,30.20,46.00,2500,33.60,26.00,
2024-07-19T11:16:31,305.51,419,30.20,46.00,2500,33.50,26.00,
2024-07-19T11:16:34,404.43,420,30.20,46.00,2500,33.50,26.00,
2024-07-19T11:16:37,1114.36,421,30.20,46.00,2500,33.10,26.00,
2024-07-19T11:16:40,1115.54,421,30.20,46.00,2500,33.50,26.00,
2024-07-19T11:16:43,1305.93,420,30.20,46.00,2500,33.30,26.00,
2024-07-19T11:16:46,450.54,420,30.20,46.00,2500,33.30,26.00,
2024-07-19T11:16:49,580.86,420,30.20,46.00,2500,33.60,26.00,
2024-07-19T11:16:52,1348.21,420,30.20,46.00,2500,33.60,26.00,
2024-07-19T11:16:56,1418.40,420,30.20,46.00,2500,33.60,26.00,
2024-07-19T11:16:59,1317.75,420,30.20,46.00,2500,33.60,26.00,
2024-07-19T11:17:02,1371.98,419,30.20,46.00,2500,33.60,26.00,
2024-07-19T11:17:05,499.70,419,30.20,46.00,2500,33.60,26.00,
2024-07-19T11:17:08,1260.88,419,30.20,46.00,2500,33.60,26.00,
2024-07-19T11:17:11,691.32,419,30.20,46.00,2500,33.60,26.00,
2024-07-19T11:17:14,661.10,420,30.20,46.00,2500,33.60,26.00,
2024-07-19T11:17:17,1154.04,422,30.20,46.00,2500,33.70,26.00,
2024-07-19T11:17:20,1407.74,424,30.20,46.00,2500,33.70,26.00,
2024-07-19T11:17:23,1413.74,426,30.20,46.00,2500,33.60,26.00,
2024-07-19T11:17:26,1021.37,427,30.20,46.00,2500,33.60,26.00,
2024-07-19T11:17:29,943.67,428,30.20,46.00,2500,33.70,26.00,
2024-07-19T11:17:32,395.88,428,30.20,46.00,2500,33.60,26.00,
2024-07-19T11:17:36,407.83,428,30.30,46.00,2500,33.60,26.00,
2024-07-19T11:17:39,1337.49,427,30.30,46.00,2500,33.60,26.00,
2024-07-19T11:17:42,1256.26,424,30.30,46.00,2500,33.70,26.00,
2024-07-19T11:17:45,1327.99,423,30.30,46.00,2500,33.70,26.00,
2024-07-19T11:17:48,1149.20,422,30.30,46.00,2500,33.60,26.00,
2024-07-19T11:17:51,1044.07,422,30.20,46.00,2500,33.60,26.00,
2024-07-19T11:17:54,1177.45,422,30.20,46.00,2500,33.70,26.00,
2024-07-19T11:17:57,1262.86,422,30.30,46.00,2500,33.60,26.00,
2024-07-19T11:18:00,1220.41,421,30.30,46.00,2500,33.60,26.00,
2024-07-19T11:18:03,443.85,420,30.30,46.00,2500,33.60,26.00,
2024-07-19T11:18:06,497.05,420,30.30,46.00,2500,33.70,26.00,
2024-07-19T11:18:09,896.04,418,30.30,46.00,2500,33.60,26.00,
2024-07-19T11:18:13,490.08,416,30.30,46.00,2500,33.70,26.00,
2024-07-19T11:18:16,820.23,414,30.30,46.00,2500,33.60,26.00,
2024-07-19T11:18:19,489.84,414,30.40,45.00,2500,33.70,25.00,
2024-07-19T11:18:22,659.02,413,30.40,45.00,2500,33.60,26.00,
2024-07-19T11:18:25,758.23,412,30.40,45.00,2500,33.70,26.00,
2024-07-19T11:18:28,852.54,412,30.40,45.00,2500,33.60,26.00,
2024-07-19T11:18:31,1364.40,411,30.40,45.00,2500,33.80,26.00,
2024-07-19T11:18:34,1573.00,412,30.40,45.00,2500,33.70,26.00,
2024-07-19T11:18:37,1176.81,412,30.40,46.00,2500,33.70,26.00,
2024-07-19T11:18:40,1770.58,412,30.40,45.00,2500,33.80,26.00,
2024-07-19T11:18:43,1199.18,412,30.40,45.00,2500,33.70,26.00,
2024-07-19T11:18:46,1296.38,414,30.40,45.00,2500,33.70,25.00,
2024-07-19T11:18:49,466.57,416,30.40,45.00,2500,33.70,26.00,
2024-07-19T11:18:53,470.91,417,30.40,45.00,2500,33.70,26.00,
2024-07-19T11:18:56,1105.06,418,30.40,45.00,2500,33.70,26.00,
2024-07-19T11:18:59,1315.17,418,30.40,45.00,2500,33.40,25.00,
2024-07-19T11:19:02,654.29,418,30.50,45.00,2500,33.70,25.00,
2024-07-19T11:19:05,506.66,417,30.50,45.00,2500,33.80,26.00,
2024-07-19T11:19:08,942.02,416,30.50,45.00,2500,34.00,25.00,
2024-07-19T11:19:11,1247.63,414,30.40,45.00,2500,33.70,26.00,
2024-07-19T11:19:14,709.36,412,30.40,45.00,2500,33.70,25.00,
2024-07-19T11:19:17,367.58,410,30.40,45.00,2500,33.70,26.00,
2024-07-19T11:19:20,420.57,410,30.40,45.00,2500,33.70,26.00,
2024-07-19T11:19:23,1038.45,410,30.40,45.00,2500,33.70,25.00,
2024-07-19T11:19:26,958.39,410,30.40,45.00,2500,33.70,26.00,
2024-07-19T11:19:30,1245.18,411,30.40,45.00,2500,33.80,26.00,
2024-07-19T11:19:33,554.11,411,30.50,45.00,2500,33.70,25.00,
2024-07-19T11:19:36,507.34,412,30.50,45.00,2500,33.70,26.00,
2024-07-19T11:19:39,1432.51,411,30.50,45.00,2500,33.70,25.00,
2024-07-19T11:19:42,486.17,411,30.50,45.00,2500,33.70,25.00,
2024-07-19T11:19:45,912.46,411,30.50,45.00,2500,33.80,25.00,
2024-07-19T11:19:48,1288.63,411,30.50,45.00,2500,33.80,25.00,
2024-07-19T11:19:51,1118.83,411,30.50,45.00,2500,33.80,25.00,
2024-07-19T11:19:54,893.30,413,30.50,45.00,2500,33.80,25.00,
2024-07-19T11:19:57,767.81,415,30.50,45.00,2500,33.80,25.00,
2024-07-19T11:20:00,468.12,416,30.60,45.00,2500,33.90,25.00,
2024-07-19T11:20:03,1435.12,418,30.60,45.00,2500,33.90,25.00,
2024-07-19T11:20:06,1440.97,418,30.50,45.00,2500,33.90,25.00,
2024-07-19T11:20:10,801.88,417,30.60,45.00,2500,33.80,25.00,
2024-07-19T11:20:13,481.76,416,30.60,45.00,2500,33.90,25.00,
2024-07-19T11:20:16,1174.54,414,30.60,45.00,2500,33.80,25.00,
2024-07-19T11:20:19,1259.81,413,30.70,45.00,2500,34.00,25.00,
2024-07-19T11:20:22,182.49,414,30.70,45.00,2500,34.00,25.00,
2024-07-19T11:20:25,1346.98,415,30.70,45.00,2500,34.00,25.00,
2024-07-19T11:20:28,386.57,417,30.70,45.00,2500,34.00,25.00,
2024-07-19T11:20:31,1443.87,419,30.70,45.00,2500,34.10,25.00,
2024-07-19T11:20:34,619.07,422,30.70,45.00,2500,34.00,25.00,
2024-07-19T11:20:37,1319.29,424,30.70,45.00,2500,34.00,25.00,
2024-07-19T11:20:40,392.60,425,30.70,45.00,2500,34.00,25.00,
2024-07-19T11:20:43,1232.50,425,30.80,45.00,2500,34.10,25.00,
2024-07-19T11:20:47,1040.62,423,30.80,45.00,2500,34.00,25.00,
2024-07-19T11:20:50,632.29,421,30.80,45.00,2500,34.10,25.00,
2024-07-19T11:20:53,704.32,419,30.80,45.00,2500,34.10,25.00,
2024-07-19T11:20:56,407.20,418,30.90,45.00,2500,34.20,25.00,
2024-07-19T11:20:59,474.55,417,30.90,45.00,2500,34.20,25.00,
2024-07-19T11:21:02,372.15,417,30.90,45.00,2500,34.10,25.00,
2024-07-19T11:21:05,352.96,417,30.90,45.00,2500,34.10,25.00,
2024-07-19T11:21:08,550.78,418,30.90,45.00,2500,34.20,25.00,
2024-07-19T11:21:11,525.74,419,30.90,45.00,2500,34.20,25.00,
2024-07-19T11:21:14,1235.08,420,30.90,45.00,2500,34.20,25.00,
2024-07-19T11:21:17,885.84,422,30.90,45.00,2500,34.20,25.00,
2024-07-19T11:21:20,441.42,423,30.90,45.00,2500,34.00,25.00,
2024-07-19T11:21:23,894.92,423,30.90,45.00,2500,34.00,25.00,
2024-07-19T11:21:27,614.25,423,30.90,45.00,2500,34.00,25.00,
2024-07-19T11:21:30,675.88,423,30.90,45.00,2500,33.90,25.00,
2024-07-19T11:21:33,868.21,422,31.00,45.00,2500,34.20,25.00,
2024-07-19T11:21:36,1114.90,421,31.00,45.00,2500,34.20,25.00,
2024-07-19T11:21:39,768.09,419,31.00,44.00,2500,34.20,25.00,
2024-07-19T11:21:42,1245.66,417,31.00,44.00,2500,34.20,25.00,
2024-07-19T11:21:45,309.03,414,31.00,44.00,2500,34.20,25.00,
2024-07-19T11:21:48,1319.77,412,31.10,44.00,2500,34.20,25.00,
2024-07-19T11:21:51,445.89,410,31.00,44.00,2500,34.20,25.00,
2024-07-19T11:21:54,472.64,407,31.10,44.00,2500,34.20,25.00,
2024-07-19T11:21:57,1362.32,407,31.00,44.00,2500,34.20,25.00,
2024-07-19T11:22:00,442.95,408,31.00,44.00,2500,34.20,25.00,
2024-07-19T11:22:04,1782.95,410,31.10,44.00,2500,34.20,25.00,
2024-07-19T11:22:07,399.55,413,31.00,44.00,2500,34.20,25.00,
2024-07-19T11:22:10,1274.71,416,31.10,44.00,2500,34.20,25.00,
2024-07-19T11:22:13,1510.35,419,31.00,44.00,2500,34.20,25.00,
2024-07-19T11:22:16,302.45,422,31.10,44.00,2500,34.20,25.00,
2024-07-19T11:22:19,446.75,424,31.10,44.00,2500,34.20,25.00,
2024-07-19T11:22:22,1290.14,424,31.00,44.00,2500,34.20,25.00,
2024-07-19T11:22:25,789.99,423,31.10,44.00,2500,34.20,25.00,
2024-07-19T11:22:28,1379.72,421,31.00,44.00,2500,34.20,25.00,
2024-07-19T11:22:31,1174.11,420,31.00,44.00,2500,34.20,25.00,
2024-07-19T11:22:34,1290.84,417,31.00,44.00,2500,34.20,25.00,
2024-07-19T11:22:37,989.19,414,31.00,44.00,2500,34.20,25.00,
2024-07-19T11:22:41,1199.61,413,31.10,44.00,2500,34.30,24.00,
2024-07-19T11:22:44,671.99,412,31.10,44.00,2500,34.20,24.00,
2024-07-19T11:22:47,523.15,411,31.10,44.00,2500,34.30,25.00,
2024-07-19T11:22:50,1063.09,411,31.10,44.00,2500,34.20,25.00,
2024-07-19T11:22:53,1242.29,412,31.10,44.00,2500,34.30,24.00,
2024-07-19T11:22:56,357.34,414,31.10,44.00,2500,34.30,24.00,
2024-07-19T11:22:59,1196.17,417,31.10,44.00,2500,34.40,24.00,
2024-07-19T11:23:02,1056.06,421,31.10,44.00,2500,34.40,24.00,
2024-07-19T11:23:05,413.41,425,31.10,44.00,2500,34.40,24.00,
2024-07-19T11:23:08,1272.95,428,31.10,44.00,2500,34.30,24.00,
2024-07-19T11:23:11,1136.43,430,31.10,44.00,2500,34.30,24.00,
2024-07-19T11:23:14,541.01,431,31.10,44.00,2500,34.50,24.00,
2024-07-19T11:23:17,560.52,429,31.10,44.00,2500,34.40,24.00,
2024-07-19T11:23:21,937.18,427,31.10,44.00,2500,34.50,24.00,
2024-07-19T11:23:24,1200.91,424,31.10,44.00,2500,34.40,24.00,
2024-07-19T11:23:27,725.74,420,31.10,44.00,2500,34.50,24.00,
2024-07-19T11:23:30,1120.30,417,31.10,44.00,2500,34.50,24.00,
2024-07-19T11:23:33,1258.97,415,31.10,44.00,2500,34.40,24.00,
2024-07-19T11:23:36,739.94,415,31.10,44.00,2500,34.90,24.00,
2024-07-19T11:23:39,401.16,414,31.20,44.00,2500,34.50,24.00,
2024-07-19T11:23:42,826.77,414,31.20,44.00,2500,34.40,24.00,
2024-07-19T11:23:45,1348.33,415,31.20,44.00,2500,34.40,24.00,
2024-07-19T11:23:48,1277.44,415,31.20,44.00,2500,34.60,24.00,
2024-07-19T11:23:51,745.95,414,31.20,44.00,2500,34.60,24.00,
2024-07-19T11:23:54,742.76,412,31.30,44.00,2500,34.40,24.00,
2024-07-19T11:23:58,566.69,411,31.30,44.00,2500,34.60,24.00,
2024-07-19T11:24:01,604.72,410,31.30,44.00,2500,34.60,24.00,
2024-07-19T11:24:04,621.74,411,31.20,44.00,2500,34.60,24.00,
2024-07-19T11:24:07,689.03,411,31.20,44.00,2500,34.60,25.00,
2024-07-19T11:24:10,1211.55,413,31.30,44.00,2500,34.60,24.00,
2024-07-19T11:24:13,848.17,414,31.30,44.00,2500,34.60,24.00,
2024-07-19T11:24:16,1395.71,417,31.20,44.00,2500,34.60,24.00,
2024-07-19T11:24:19,879.53,419,31.30,44.00,2500,34.60,24.00,
2024-07-19T11:24:22,1046.23,420,31.30,44.00,2500,34.40,24.00,
2024-07-19T11:24:25,1413.99,420,31.30,44.00,2500,34.60,24.00,
2024-07-19T11:24:28,631.39,419,31.30,44.00,2500,34.60,24.00,
2024-07-19T11:24:31,1342.08,418,31.20,44.00,2500,34.40,24.00,
2024-07-19T11:24:35,577.42,417,31.20,44.00,2500,34.40,24.00,
2024-07-19T11:24:38,1290.28,416,31.20,44.00,2500,34.60,24.00,
2024-07-19T11:24:41,729.02,415,31.20,44.00,2500,34.70,24.00,
2024-07-19T11:24:44,899.51,415,31.30,44.00,2500,34.60,24.00,
2024-07-19T11:24:47,1172.81,415,31.30,44.00,2500,34.70,24.00,
2024-07-19T11:24:50,371.66,416,31.40,44.00,2500,34.60,24.00,
2024-07-19T11:24:53,1374.38,417,31.40,44.00,2500,34.40,24.00,
2024-07-19T11:24:56,774.60,417,31.40,44.00,2500,34.60,24.00,
2024-07-19T11:24:59,327.18,418,31.30,44.00,2500,34.70,24.00,
2024-07-19T11:25:02,431.40,419,31.20,44.00,2500,34.40,24.00,
2024-07-19T11:25:05,831.45,420,31.20,44.00,2500,34.70,24.00,
2024-07-19T11:25:08,1355.59,421,31.20,44.00,2500,34.70,24.00,
2024-07-19T11:25:12,491.90,421,31.20,44.00,2500,34.60,24.00,
2024-07-19T11:25:15,923.23,421,31.20,44.00,2500,34.60,24.00,
2024-07-19T11:25:18,878.21,420,31.20,44.00,2500,34.70,24.00,
2024-07-19T11:25:21,443.92,420,31.30,44.00,2500,34.70,24.00,
2024-07-19T11:25:24,1308.24,419,31.30,44.00,2500,34.60,24.00,
2024-07-19T11:25:27,524.29,417,31.30,44.00,2500,34.70,24.00,
2024-07-19T11:25:30,920.35,415,31.30,44.00,2500,34.70,24.00,
2024-07-19T11:25:33,1255.91,416,31.30,44.00,2500,34.60,24.00,
2024-07-19T11:25:36,816.28,415,31.40,44.00,2500,34.70,24.00,
2024-07-19T11:25:39,1528.09,416,31.30,44.00,2500,34.70,24.00,
2024-07-19T11:25:42,276.75,418,31.30,44.00,2500,34.70,24.00,
2024-07-19T11:25:45,1412.46,418,31.30,44.00,2500,34.60,24.00,
2024-07-19T11:25:49,503.29,420,31.30,44.00,2500,34.70,24.00,
2024-07-19T11:25:52,1457.29,420,31.30,44.00,2500,34.70,24.00,
2024-07-19T11:25:55,774.21,420,31.30,44.00,2500,34.60,24.00,
2024-07-19T11:25:58,1056.04,418,31.30,44.00,2500,34.40,24.00,
2024-07-19T11:26:01,903.63,415,31.30,44.00,2500,34.40,24.00,
2024-07-19T11:26:04,535.89,411,31.30,44.00,2500,34.80,24.00,
2024-07-19T11:26:07,1247.25,408,31.30,44.00,2500,34.60,24.00,
2024-07-19T11:26:10,895.82,406,31.20,44.00,2500,34.70,24.00,
2024-07-19T11:26:13,515.97,404,31.30,44.00,2500,34.70,24.00,
2024-07-19T11:26:16,1010.68,404,31.20,44.00,2500,34.60,24.00,
2024-07-19T11:26:19,453.13,405,31.20,44.00,2500,34.70,24.00,
2024-07-19T11:26:22,1448.88,407,31.20,44.00,2500,34.40,25.00,
2024-07-19T11:26:26,320.94,409,31.20,44.00,2500,34.70,24.00,
2024-07-19T11:26:29,683.63,412,31.20,44.00,2500,34.50,24.00,
2024-07-19T11:26:32,1015.79,414,31.20,44.00,2500,34.60,24.00,
2024-07-19T11:26:35,321.96,415,31.20,44.00,2500,34.60,24.00,
2024-07-19T11:26:38,500.53,417,31.20,44.00,2500,34.70,24.00,
2024-07-19T11:26:41,457.11,417,31.10,44.00,2500,34.60,24.00,
2024-07-19T11:26:44,1111.58,417,31.10,44.00,2500,34.60,24.00,
2024-07-19T11:26:47,1148.36,417,31.10,44.00,2500,34.50,24.00,
2024-07-19T11:26:50,1203.44,417,31.10,44.00,2500,34.60,24.00,
2024-07-19T11:26:53,577.89,417,31.10,44.00,2500,34.60,24.00,
2024-07-19T11:26:56,721.57,417,31.10,44.00,2500,34.60,24.00,
2024-07-19T11:26:59,1130.54,417,31.20,44.00,2500,34.70,24.00,
2024-07-19T11:27:02,1168.40,417,31.20,44.00,2500,34.70,24.00,
2024-07-19T11:27:06,511.07,416,31.20,44.00,2500,34.70,24.00,
2024-07-19T11:27:09,628.67,415,31.20,44.00,2500,34.60,24.00,
2024-07-19T11:27:12,897.22,415,31.20,44.00,2500,34.60,24.00,
2024-07-19T11:27:15,856.86,414,31.20,44.00,2500,34.60,24.00,
2024-07-19T11:27:18,1072.02,414,31.20,44.00,2500,34.60,24.00,
2024-07-19T11:27:21,412.08,413,31.20,44.00,2500,34.70,24.00,
2024-07-19T11:27:24,454.63,413,31.20,44.00,2500,34.60,24.00,
2024-07-19T11:27:27,578.39,413,31.20,44.00,2500,34.70,24.00,
2024-07-19T11:27:30,586.32,412,31.20,44.00,2500,34.60,24.00,
2024-07-19T11:27:33,908.84,411,31.20,44.00,2500,34.60,24.00,
2024-07-19T11:27:36,1436.44,409,31.10,44.00,2500,34.70,24.00,
2024-07-19T11:27:39,1120.93,408,31.10,44.00,2500,34.60,24.00,
2024-07-19T11:27:43,1009.24,407,31.10,44.00,2500,34.70,24.00,
2024-07-19T11:27:46,1328.72,405,31.10,44.00,2500,34.60,24.00,
2024-07-19T11:27:49,1011.45,404,31.10,44.00,2500,34.60,24.00,
2024-07-19T11:27:52,1275.02,404,31.10,44.00,2500,34.40,24.00,
2024-07-19T11:27:55,1319.18,405,31.10,44.00,2500,34.60,24.00,
2024-07-19T11:27:58,567.37,406,31.10,44.00,2500,34.70,24.00,
2024-07-19T11:28:01,507.37,408,31.10,44.00,2500,34.70,24.00,
2024-07-19T11:28:04,1165.72,409,31.10,44.00,2500,34.60,24.00,
2024-07-19T11:28:07,902.28,411,31.10,44.00,2500,34.70,24.00,
2024-07-19T11:28:10,574.59,413,31.10,44.00,2500,34.50,24.00,
2024-07-19T11:28:13,1565.56,414,31.10,44.00,2500,34.60,24.00,
2024-07-19T11:28:16,301.63,414,31.10,44.00,2500,34.40,24.00,
2024-07-19T11:28:20,1297.01,413,31.10,44.00,2500,34.60,24.00,
2024-07-19T11:28:23,304.70,411,31.10,44.00,2500,34.60,24.00,
2024-07-19T11:28:26,1487.57,410,31.10,44.00,2500,34.70,24.00,
2024-07-19T11:28:29,767.20,408,31.00,44.00,2500,34.40,24.00,
2024-07-19T11:28:32,1297.01,406,31.00,44.00,2500,34.60,24.00,
2024-07-19T11:28:35,367.80,405,31.00,44.00,2500,34.60,24.00,
2024-07-19T11:28:38,1318.49,406,31.00,44.00,2500,34.60,25.00,
2024-07-19T11:28:41,668.86,407,31.00,44.00,2500,34.40,24.00,
2024-07-19T11:28:44,1350.04,408,31.00,44.00,2500,34.60,24.00,
2024-07-19T11:28:47,589.80,410,31.00,44.00,2500,34.60,24.00,
2024-07-19T11:28:50,1212.66,412,31.00,44.00,2500,34.50,24.00,
2024-07-19T11:28:53,1120.93,413,31.00,44.00,2500,34.60,24.00,
2024-07-19T11:28:57,429.25,414,30.90,44.00,2500,34.60,24.00,
2024-07-19T11:29:00,1329.26,414,30.90,44.00,2500,34.50,24.00,
2024-07-19T11:29:03,506.15,414,30.90,44.00,2500,34.50,24.00,
2024-07-19T11:29:06,751.47,413,30.90,44.00,2500,34.60,24.00,
2024-07-19T11:29:09,1513.77,412,30.90,44.00,2500,34.60,24.00,
2024-07-19T11:29:12,1215.72,409,31.00,44.00,2500,34.60,24.00,
2024-07-19T11:29:15,867.61,409,31.00,44.00,2500,34.60,24.00,
2024-07-19T11:29:18,1081.53,408,31.00,44.00,2500,34.50,24.00,
2024-07-19T11:29:21,1010.10,407,31.00,44.00,2500,34.70,24.00,
2024-07-19T11:29:24,1215.26,405,31.00,44.00,2500,34.60,24.00,
2024-07-19T11:29:27,1079.97,405,31.00,44.00,2500,34.50,24.00,
2024-07-19T11:29:31,1331.18,404,31.00,44.00,2500,34.60,24.00,
2024-07-19T11:29:34,1073.97,402,31.00,44.00,2500,34.70,24.00,
2024-07-19T11:29:37,426.65,401,31.00,44.00,2500,34.70,24.00,
2024-07-19T11:29:40,715.77,400,31.00,44.00,2500,34.60,24.00,
2024-07-19T11:29:43,1282.28,398,31.00,44.00,2500,34.70,24.00,
2024-07-19T11:29:46,440.14,397,31.00,44.00,2500,34.60,24.00,
2024-07-19T11:29:49,1146.95,396,30.90,44.00,2500,34.70,24.00,
2024-07-19T11:29:52,1281.84,396,30.90,44.00,2500,34.60,24.00,
2024-07-19T11:29:55,1227.71,397,30.90,44.00,2500,34.70,24.00,
2024-07-19T11:29:58,951.76,398,30.90,44.00,2500,34.60,24.00,
2024-07-19T11:30:01,1106.93,400,30.90,44.00,2500,34.70,24.00,
2024-07-19T11:30:04,1152.24,401,30.90,44.00,2500,34.60,24.00,
2024-07-19T11:30:08,438.96,403,30.90,44.00,2500,34.60,24.00,
2024-07-19T11:30:11,885.85,404,30.90,44.00,2500,34.70,24.00,
2024-07-19T11:30:14,1293.02,405,30.90,44.00,2500,34.70,24.00,
2024-07-19T11:30:17,419.94,406,30.90,44.00,2500,34.70,24.00,
2024-07-19T11:30:20,491.90,408,31.00,44.00,2500,34.10,24.00,
2024-07-19T11:30:23,556.94,409,31.00,44.00,2500,34.60,24.00,
2024-07-19T11:30:26,499.86,410,31.00,44.00,2500,34.40,24.00,
2024-07-19T11:30:29,537.64,411,31.00,44.00,2500,34.40,24.00,
2024-07-19T11:30:32,1010.10,412,31.00,44.00,2500,34.70,24.00,
2024-07-19T11:30:35,558.08,413,31.00,44.00,2500,34.70,24.00,
2024-07-19T11:30:38,1141.79,414,31.00,44.00,2500,34.60,24.00,
2024-07-19T11:30:41,1151.59,414,31.00,44.00,2500,34.60,24.00,
2024-07-19T11:30:45,268.39,413,31.10,44.00,2500,34.80,24.00,
2024-07-19T11:30:48,1206.31,412,31.00,44.00,2500,34.70,24.00,
2024-07-19T11:30:51,581.57,411,31.10,44.00,2500,34.60,24.00,
2024-07-19T11:30:54,298.42,410,31.10,44.00,2500,34.60,24.00,
2024-07-19T11:30:57,773.77,408,31.10,44.00,2500,34.70,24.00,
2024-07-19T11:31:00,938.25,408,31.10,44.00,2500,34.80,24.00,
2024-07-19T11:31:03,1185.71,409,31.00,44.00,2500,34.70,24.00,
2024-07-19T11:31:06,1260.30,409,31.10,44.00,2500,34.70,24.00,
2024-07-19T11:31:09,1587.40,409,31.10,44.00,2500,34.70,24.00,
2024-07-19T11:31:12,1142.02,409,31.00,44.00,2500,34.80,24.00,
2024-07-19T11:31:15,693.40,410,31.00,44.00,2500,34.60,24.00,
2024-07-19T11:31:18,833.16,410,31.00,44.00,2500,34.70,24.00,
2024-07-19T11:31:22,594.77,410,31.00,44.00,2500,34.70,24.00,
2024-07-19T11:31:25,969.65,409,31.00,44.00,2500,34.70,24.00,
2024-07-19T11:31:28,1254.97,410,31.00,44.00,2500,34.70,24.00,
2024-07-19T11:31:31,947.29,409,31.00,44.00,2500,34.70,24.00,
2024-07-19T11:31:34,500.48,409,31.00,44.00,2500,34.80,24.00,
2024-07-19T11:31:37,249.04,409,31.00,44.00,2500,34.80,24.00,
2024-07-19T11:31:40,690.32,409,31.10,44.00,2500,34.80,24.00,
2024-07-19T11:31:43,1103.96,408,31.10,44.00,2500,34.80,24.00,
2024-07-19T11:31:46,861.33,407,31.10,44.00,2500,34.80,24.00,
2024-07-19T11:31:49,558.33,406,31.10,44.00,2500,34.80,24.00,
2024-07-19T11:31:52,608.82,405,31.10,44.00,2500,34.80,24.00,
2024-07-19T11:31:56,1410.62,404,31.10,44.00,2500,34.80,24.00,
2024-07-19T11:31:59,1216.83,404,31.10,44.00,2500,34.70,24.00,
2024-07-19T11:32:02,648.63,403,31.10,44.00,2500,34.80,24.00,
2024-07-19T11:32:05,634.81,403,31.10,44.00,2500,34.70,24.00,
2024-07-19T11:32:08,1451.83,404,31.10,44.00,2500,34.80,23.00,
2024-07-19T11:32:11,1207.53,404,31.10,44.00,2500,34.80,23.00,
2024-07-19T11:32:14,600.69,403,31.00,44.00,2500,34.70,23.00,
2024-07-19T11:32:17,378.16,402,31.10,44.00,2500,34.70,23.00,
2024-07-19T11:32:20,827.71,402,31.10,44.00,2500,34.70,24.00,
2024-07-19T11:32:23,361.94,402,31.10,44.00,2500,34.80,23.00,
2024-07-19T11:32:26,1187.91,403,31.10,44.00,2500,34.80,23.00,
2024-07-19T11:32:29,1252.07,403,31.10,44.00,2500,34.70,23.00,
2024-07-19T11:32:33,945.27,406,31.10,44.00,2500,34.60,23.00,
2024-07-19T11:32:36,317.85,408,31.10,44.00,2500,34.50,23.00,
2024-07-19T11:32:39,1207.87,411,31.00,44.00,2500,34.60,24.00,
2024-07-19T11:32:42,1067.27,413,31.00,44.00,2500,34.70,24.00,
2024-07-19T11:32:45,370.13,414,31.10,44.00,2500,34.80,23.00,
2024-07-19T11:32:48,238.76,415,31.10,44.00,2500,34.80,23.00,
2024-07-19T11:32:51,1290.77,414,31.00,44.00,2500,34.70,23.00,
2024-07-19T11:32:54,428.81,412,31.10,44.00,2500,34.80,24.00,
2024-07-19T11:32:57,1105.97,409,31.10,44.00,2500,34.80,24.00,
2024-07-19T11:33:00,1471.27,407,31.10,44.00,2500,34.80,24.00,
2024-07-19T11:33:03,718.04,405,31.10,44.00,2500,34.80,24.00,
2024-07-19T11:33:06,732.91,404,31.10,44.00,2500,34.70,23.00,
2024-07-19T11:33:10,507.46,403,31.10,44.00,2500,34.80,23.00,
2024-07-19T11:33:13,566.05,404,31.10,44.00,2500,34.80,23.00,
2024-07-19T11:33:16,735.41,405,31.10,44.00,2500,34.80,23.00,
2024-07-19T11:33:19,1367.83,406,31.10,44.00,2500,34.70,23.00,
2024-07-19T11:33:22,1124.98,407,31.10,44.00,2500,34.80,23.00,
2024-07-19T11:33:25,797.82,408,31.10,44.00,2500,34.80,23.00,
2024-07-19T11:33:28,1148.36,409,31.10,44.00,2500,34.80,23.00,
2024-07-19T11:33:31,1239.31,410,31.10,44.00,2500,34.80,23.00,
2024-07-19T11:33:34,1309.38,410,31.10,44.00,2500,34.80,23.00,
2024-07-19T11:33:37,978.43,410,31.10,44.00,2500,34.80,23.00,
2024-07-19T11:33:40,713.77,410,31.10,44.00,2500,34.80,23.00,
2024-07-19T11:33:44,510.78,410,31.10,44.00,2500,34.80,23.00,
2024-07-19T11:33:47,634.52,410,31.10,44.00,2500,34.80,23.00,
2024-07-19T11:33:50,526.82,410,31.10,44.00,2500,34.80,23.00,
2024-07-19T11:33:53,563.55,409,31.10,44.00,2500,34.80,23.00,
2024-07-19T11:33:56,578.55,409,31.10,44.00,2500,34.80,23.00,
2024-07-19T11:33:59,1377.85,409,31.10,44.00,2500,34.80,23.00,
2024-07-19T11:34:02,822.04,409,31.10,44.00,2500,34.80,23.00,
2024-07-19T11:34:05,1106.99,410,31.10,44.00,2500,34.80,23.00,
2024-07-19T11:34:08,1262.66,410,31.10,44.00,2500,34.80,23.00,
2024-07-19T11:34:11,325.93,410,31.10,44.00,2500,34.80,23.00,
2024-07-19T11:34:14,1312.17,411,31.10,44.00,2500,34.80,23.00,
2024-07-19T11:34:17,370.10,411,31.10,44.00,2500,34.80,23.00,
2024-07-19T11:34:21,1198.57,411,31.20,44.00,2500,34.80,23.00,
2024-07-19T11:34:24,1099.21,411,31.20,44.00,2500,34.80,23.00,
2024-07-19T11:34:27,663.37,411,31.20,44.00,2500,34.80,23.00,
2024-07-19T11:34:30,717.16,411,31.30,44.00,2500,34.80,23.00,
2024-07-19T11:34:33,892.93,411,31.20,44.00,2500,34.80,23.00,
2024-07-19T11:34:36,1142.98,410,31.20,44.00,2500,34.80,23.00,
2024-07-19T11:34:39,1032.74,409,31.30,44.00,2500,34.90,23.00,
2024-07-19T11:34:42,1306.73,409,31.30,44.00,2500,34.80,23.00,
2024-07-19T11:34:45,1297.01,409,31.30,44.00,2500,34.90,23.00,
2024-07-19T11:34:48,1329.73,409,31.30,44.00,2500,34.90,23.00,
2024-07-19T11:34:51,1313.57,410,31.30,44.00,2500,34.80,23.00,
2024-07-19T11:34:54,1443.39,411,31.30,44.00,2500,34.80,23.00,
2024-07-19T11:34:58,1464.01,412,31.30,44.00,2500,34.80,23.00,
2024-07-19T11:35:01,841.21,413,31.30,44.00,2500,34.90,23.00,
2024-07-19T11:35:04,484.97,414,31.30,44.00,2500,34.80,23.00,
2024-07-19T11:35:07,815.90,415,31.30,44.00,2500,34.80,23.00,
2024-07-19T11:35:10,955.01,415,31.30,44.00,2500,34.90,24.00,
2024-07-19T11:35:13,975.33,415,31.30,44.00,2500,34.90,23.00,
2024-07-19T11:35:16,914.02,414,31.30,44.00,2500,34.90,23.00,
2024-07-19T11:35:19,1271.14,413,31.30,44.00,2500,34.90,23.00,
2024-07-19T11:35:22,398.14,411,31.30,44.00,2500,34.90,23.00,
2024-07-19T11:35:25,1122.42,411,31.40,44.00,2500,34.90,23.00,
2024-07-19T11:35:28,385.92,410,31.40,44.00,2500,35.00,23.00,
2024-07-19T11:35:31,1025.93,410,31.30,43.00,2500,34.90,23.00,
2024-07-19T11:35:35,1079.97,411,31.30,43.00,2500,34.90,23.00,
2024-07-19T11:35:38,870.41,412,31.30,43.00,2500,34.90,23.00,
2024-07-19T11:35:41,873.43,413,31.40,43.00,2500,34.90,23.00,
2024-07-19T11:35:44,832.98,414,31.40,43.00,2500,34.90,23.00,
2024-07-19T11:35:47,996.05,414,31.40,43.00,2500,35.00,23.00,
2024-07-19T11:35:50,1330.77,412,31.40,43.00,2500,35.00,23.00,
2024-07-19T11:35:53,299.25,411,31.40,43.00,2500,34.90,23.00,
2024-07-19T11:35:56,1158.94,410,31.40,43.00,2500,34.90,23.00,
2024-07-19T11:35:59,1089.77,410,31.40,43.00,2500,35.10,23.00,
2024-07-19T11:36:02,341.76,409,31.50,43.00,2500,35.00,23.00,
2024-07-19T11:36:05,1239.49,409,31.50,43.00,2500,35.00,23.00,
2024-07-19T11:36:09,1060.51,410,31.50,43.00,2500,35.00,23.00,
2024-07-19T11:36:12,587.04,412,31.50,43.00,2500,35.00,23.00,
2024-07-19T11:36:15,1253.92,414,31.50,43.00,2500,35.20,23.00,
2024-07-19T11:36:18,478.41,415,31.50,43.00,2500,34.90,23.00,
2024-07-19T11:36:21,1543.66,417,31.50,43.00,2500,35.10,23.00,
2024-07-19T11:36:24,699.04,418,31.50,43.00,2500,35.00,23.00,
2024-07-19T11:36:27,560.50,419,31.50,43.00,2500,35.20,23.00,
2024-07-19T11:36:30,1403.03,420,31.50,43.00,2500,35.00,23.00,
2024-07-19T11:36:33,658.09,419,31.50,43.00,2500,35.20,23.00,
2024-07-19T11:36:36,1419.43,419,31.50,43.00,2500,35.20,23.00,
2024-07-19T11:36:39,684.41,418,31.50,43.00,2500,35.20,23.00,
2024-07-19T11:36:42,583.05,418,31.50,43.00,2500,35.00,23.00,
2024-07-19T11:36:46,1030.16,417,31.50,43.00,2500,35.20,23.00,
2024-07-19T11:36:49,804.30,416,31.50,43.00,2500,35.20,23.00,
2024-07-19T11:36:52,946.16,416,31.50,43.00,2500,35.10,23.00,
2024-07-19T11:36:55,1359.19,416,31.50,43.00,2500,35.20,23.00,
2024-07-19T11:36:58,430.96,417,31.50,43.00,2500,35.00,23.00,
2024-07-19T11:37:01,1361.78,417,31.50,43.00,2500,34.70,23.00,
2024-07-19T11:37:04,491.13,418,31.50,43.00,2500,35.00,23.00,
2024-07-19T11:37:07,1247.06,419,31.60,43.00,2500,35.10,23.00,
2024-07-19T11:37:10,700.06,419,31.60,43.00,2500,35.30,23.00,
2024-07-19T11:37:13,542.24,420,31.60,43.00,2500,35.10,22.00,
2024-07-19T11:37:16,525.83,420,31.50,43.00,2500,35.10,23.00,
2024-07-19T11:37:19,436.17,420,31.50,43.00,2500,35.30,23.00,
2024-07-19T11:37:23,436.96,421,31.50,43.00,2500,35.20,23.00,
2024-07-19T11:37:26,640.90,421,31.50,43.00,2500,35.20,22.00,
2024-07-19T11:37:29,670.41,422,31.50,43.00,2500,35.30,22.00,
2024-07-19T11:37:32,334.59,423,31.40,43.00,2500,35.20,22.00,
2024-07-19T11:37:35,1474.06,424,31.40,43.00,2500,35.30,22.00,
2024-07-19T11:37:38,1303.03,425,31.40,43.00,2500,35.30,22.00,
2024-07-19T11:37:41,760.97,425,31.50,43.00,2500,35.30,22.00,
2024-07-19T11:37:44,472.54,426,31.40,43.00,2500,35.30,22.00,
2024-07-19T11:37:47,284.75,427,31.50,43.00,2500,35.30,22.00,
2024-07-19T11:37:50,306.03,426,31.50,43.00,2500,35.30,22.00,
2024-07-19T11:37:53,613.92,426,31.50,43.00,2500,35.30,22.00,
2024-07-19T11:37:57,1044.59,425,31.50,43.00,2500,35.20,22.00,
2024-07-19T11:38:00,1012.41,424,31.50,43.00,2500,35.30,22.00,
2024-07-19T11:38:03,1012.89,424,31.50,43.00,2500,35.30,22.00,
2024-07-19T11:38:06,1278.68,424,31.50,43.00,2500,35.30,22.00,
2024-07-19T11:38:09,1521.71,424,31.50,43.00,2500,35.40,22.00,
2024-07-19T11:38:12,737.93,423,31.50,43.00,2500,35.20,22.00,
2024-07-19T11:38:15,809.41,422,31.50,43.00,2500,35.20,22.00,
2024-07-19T11:38:18,565.16,420,31.60,43.00,2500,35.20,22.00,
2024-07-19T11:38:21,327.63,418,31.50,43.00,2500,35.30,22.00,
2024-07-19T11:38:24,466.79,417,31.60,43.00,2500,35.30,22.00,
2024-07-19T11:38:27,616.38,415,31.60,43.00,2500,35.40,22.00,
2024-07-19T11:38:30,1089.87,414,31.60,43.00,2500,34.90,22.00,
2024-07-19T11:38:34,1192.83,414,31.60,43.00,2500,34.90,22.00,
2024-07-19T11:38:37,993.03,414,31.60,43.00,2500,35.20,22.00,
2024-07-19T11:38:40,953.81,415,31.60,43.00,2500,35.40,22.00,
2024-07-19T11:38:43,589.14,415,31.60,43.00,2500,35.30,22.00,
2024-07-19T11:38:46,1064.69,416,31.60,43.00,2500,35.20,22.00,
2024-07-19T11:38:49,827.80,416,31.60,43.00,2500,35.40,22.00,
2024-07-19T11:38:52,1130.11,417,31.60,43.00,2500,35.40,22.00,
2024-07-19T11:38:55,1171.59,416,31.60,43.00,2500,35.20,22.00,
2024-07-19T11:38:58,1061.62,415,31.60,43.00,2500,35.30,22.00,
2024-07-19T11:39:01,1112.12,414,31.50,43.00,2500,35.30,22.00,
2024-07-19T11:39:04,1381.48,412,31.50,43.00,2500,35.20,22.00,
2024-07-19T11:39:07,775.78,410,31.50,43.00,2500,35.00,22.00,
2024-07-19T11:39:11,776.51,409,31.50,43.00,2500,35.40,22.00,
2024-07-19T11:39:14,913.79,408,31.50,43.00,2500,35.50,22.00,
2024-07-19T11:39:17,1262.20,406,31.50,43.00,2500,35.30,22.00,
2024-07-19T11:39:20,623.70,404,31.50,43.00,2500,35.30,22.00,
2024-07-19T11:39:23,556.58,403,31.50,43.00,2500,35.40,22.00,
2024-07-19T11:39:26,810.53,402,31.40,43.00,2500,35.60,22.00,
2024-07-19T11:39:29,787.03,401,31.40,43.00,2500,35.40,22.00,
2024-07-19T11:39:32,1230.72,401,31.50,43.00,2500,35.40,22.00,
2024-07-19T11:39:35,792.15,401,31.50,43.00,2500,35.40,22.00,
2024-07-19T11:39:38,753.85,403,31.50,43.00,2500,35.30,22.00,
2024-07-19T11:39:41,1107.86,404,31.50,43.00,2500,35.40,22.00,
2024-07-19T11:39:45,1214.18,406,31.50,43.00,2500,35.40,22.00,
2024-07-19T11:39:48,792.64,408,31.50,43.00,2500,35.50,22.00,
2024-07-19T11:39:51,462.82,409,31.60,43.00,2500,35.40,22.00,
2024-07-19T11:39:54,810.80,409,31.60,43.00,2500,35.40,22.00,
2024-07-19T11:39:57,996.86,409,31.60,43.00,2500,35.40,22.00,
2024-07-19T11:40:00,1314.91,406,31.60,43.00,2500,35.40,22.00,
2024-07-19T11:40:03,1249.46,403,31.60,43.00,2500,35.40,22.00,
2024-07-19T11:40:06,1062.23,402,31.60,42.00,2500,35.40,22.00,
2024-07-19T11:40:09,1042.79,401,31.50,42.00,2500,35.60,22.00,
2024-07-19T11:40:12,624.51,400,31.50,42.00,2500,35.50,22.00,
2024-07-19T11:40:15,483.56,400,31.50,42.00,2500,35.40,22.00,
2024-07-19T11:40:18,535.01,399,31.50,42.00,2500,35.60,22.00,
2024-07-19T11:40:22,891.59,400,31.50,42.00,2500,35.40,22.00,
2024-07-19T11:40:25,691.10,401,31.50,42.00,2500,35.40,22.00,
2024-07-19T11:40:28,1325.36,402,31.50,42.00,2500,35.50,22.00,
2024-07-19T11:40:31,734.18,404,31.50,42.00,2500,35.40,22.00,
2024-07-19T11:40:34,1141.16,405,31.50,42.00,2500,35.50,22.00,
2024-07-19T11:40:37,1077.48,408,31.50,43.00,2500,35.60,22.00,
2024-07-19T11:40:40,737.93,410,31.50,42.00,2500,35.50,22.00,
2024-07-19T11:40:43,376.37,412,31.50,43.00,2500,35.60,22.00,
2024-07-19T11:40:46,1189.79,413,31.50,43.00,2500,35.40,22.00,
2024-07-19T11:40:49,1336.14,413,31.60,43.00,2500,35.60,22.00,
2024-07-19T11:40:52,828.65,413,31.60,43.00,2500,35.50,22.00,
2024-07-19T11:40:55,494.37,411,31.60,42.00,2500,35.50,22.00,
2024-07-19T11:40:59,609.55,409,31.60,42.00,2500,35.50,22.00,
2024-07-19T11:41:02,1141.81,408,31.60,42.00,2500,35.60,22.00,
2024-07-19T11:41:05,660.98,407,31.60,42.00,2500,35.50,22.00,
2024-07-19T11:41:08,1407.70,405,31.60,42.00,2500,35.50,22.00,
2024-07-19T11:41:11,1273.04,405,31.60,42.00,2500,35.50,22.00,
2024-07-19T11:41:14,1122.85,405,31.60,42.00,2500,35.30,22.00,
2024-07-19T11:41:17,604.07,406,31.60,42.00,2500,35.30,22.00,
2024-07-19T11:41:20,543.49,407,31.60,42.00,2500,35.60,22.00,
2024-07-19T11:41:23,296.14,407,31.60,42.00,2500,35.50,22.00,
2024-07-19T11:41:26,566.27,407,31.60,42.00,2500,35.50,22.00,
2024-07-19T11:41:29,516.95,407,31.60,42.00,2500,35.60,22.00,
2024-07-19T11:41:33,399.81,406,31.60,42.00,2500,35.50,22.00,
2024-07-19T11:41:36,1122.53,405,31.60,42.00,2500,35.70,22.00,
2024-07-19T11:41:39,567.86,403,31.60,42.00,2500,35.60,22.00,
2024-07-19T11:41:42,1501.99,401,31.60,42.00,2500,35.60,22.00,
2024-07-19T11:41:45,735.21,400,31.60,42.00,2500,35.70,22.00,
2024-07-19T11:41:48,390.01,400,31.60,42.00,2500,35.50,22.00,
2024-07-19T11:41:51,636.34,399,31.60,42.00,2500,35.50,22.00,
2024-07-19T11:41:54,395.35,400,31.60,42.00,2500,35.60,22.00,
2024-07-19T11:41:57,1455.70,400,31.60,42.00,2500,35.70,22.00,
2024-07-19T11:42:00,1590.34,400,31.60,42.00,2500,35.70,22.00,
2024-07-19T11:42:03,1109.24,400,31.60,42.00,2500,35.70,22.00,
2024-07-19T11:42:06,1366.28,400,31.60,42.00,2500,35.60,22.00,
2024-07-19T11:42:10,1075.81,400,31.70,42.00,2500,35.60,22.00,
2024-07-19T11:42:13,856.36,400,31.70,42.00,2500,35.70,22.00,
2024-07-19T11:42:16,759.82,401,31.70,42.00,2500,35.50,22.00,
2024-07-19T11:42:19,1334.06,402,31.80,42.00,2500,35.70,22.00,
2024-07-19T11:42:22,607.36,404,31.80,42.00,2500,35.80,22.00,
2024-07-19T11:42:25,1493.18,405,31.70,42.00,2500,35.70,22.00,
2024-07-19T11:42:28,648.04,407,31.70,42.00,2500,35.80,22.00,
2024-07-19T11:42:31,1193.82,408,31.70,42.00,2500,35.80,22.00,
2024-07-19T11:42:34,325.74,408,31.70,42.00,2500,35.70,22.00,
2024-07-19T11:42:37,469.99,408,31.70,42.00,2500,35.70,22.00,
2024-07-19T11:42:40,707.47,407,31.70,42.00,2500,35.70,21.00,
2024-07-19T11:42:43,1336.30,407,31.80,42.00,2500,35.80,21.00,
2024-07-19T11:42:47,1128.62,407,31.70,42.00,2500,35.80,21.00,
2024-07-19T11:42:50,1044.59,408,31.70,42.00,2500,35.80,21.00,
2024-07-19T11:42:53,1005.80,408,31.70,42.00,2500,35.70,21.00,
2024-07-19T11:42:56,1155.05,409,31.70,42.00,2500,35.80,21.00,
2024-07-19T11:42:59,571.52,409,31.70,42.00,2500,35.80,21.00,
2024-07-19T11:43:02,619.36,408,31.70,42.00,2500,35.70,21.00,
2024-07-19T11:43:05,1417.90,408,31.70,42.00,2500,35.90,21.00,
2024-07-19T11:43:08,849.51,406,31.70,42.00,2500,35.80,21.00,
2024-07-19T11:43:11,592.95,404,31.80,42.00,2500,35.80,21.00,
2024-07-19T11:43:14,1227.48,402,31.70,42.00,2500,35.80,21.00,
2024-07-19T11:43:17,1432.20,400,31.70,42.00,2500,35.80,21.00,
2024-07-19T11:43:20,1099.63,399,31.70,42.00,2500,34.90,21.00,
2024-07-19T11:43:24,1065.21,398,31.80,42.00,2500,35.80,21.00,
2024-07-19T11:43:27,1279.25,398,31.80,42.00,2500,35.80,21.00,
2024-07-19T11:43:30,321.98,398,31.80,42.00,2500,36.00,22.00,
2024-07-19T11:43:33,1325.87,399,31.70,42.00,2500,35.90,21.00,
2024-07-19T11:43:36,738.43,400,31.70,42.00,2500,35.90,21.00,
2024-07-19T11:43:39,1251.39,401,31.80,42.00,2500,35.90,21.00,
2024-07-19T11:43:42,504.20,402,31.80,42.00,2500,36.10,22.00,
2024-07-19T11:43:45,1236.69,401,31.80,42.00,2500,35.90,21.00,
2024-07-19T11:43:48,1213.34,401,31.80,42.00,2500,35.90,22.00,
2024-07-19T11:43:51,1016.66,400,31.80,42.00,2500,36.10,22.00,
2024-07-19T11:43:54,516.18,399,31.80,42.00,2500,36.10,22.00,
2024-07-19T11:43:58,599.87,399,31.80,42.00,2500,36.10,22.00,
2024-07-19T11:44:01,1125.52,399,31.80,42.00,2500,36.10,22.00,
2024-07-19T11:44:04,1066.94,398,31.80,42.00,2500,36.10,22.00,
2024-07-19T11:44:07,1319.94,399,31.80,42.00,2500,36.10,22.00,
2024-07-19T11:44:10,271.78,399,31.90,42.00,2500,36.10,22.00,
2024-07-19T11:44:13,463.35,399,31.90,42.00,2500,36.10,22.00,
2024-07-19T11:44:16,802.11,398,31.90,42.00,2500,36.10,22.00,
2024-07-19T11:44:19,1578.41,398,31.90,42.00,2500,36.10,22.00,
2024-07-19T11:44:22,591.93,398,31.90,42.00,2500,36.10,22.00,
2024-07-19T11:44:25,1361.09,398,31.90,42.00,2500,36.10,22.00,
2024-07-19T11:44:28,1305.63,398,31.80,42.00,2500,36.10,22.00,
2024-07-19T11:44:31,1354.17,398,31.80,42.00,2500,36.20,22.00,
2024-07-19T11:44:35,932.29,400,31.90,42.00,2500,36.10,22.00,
2024-07-19T11:44:38,656.23,402,31.90,42.00,2500,36.20,22.00,
2024-07-19T11:44:41,1052.56,403,31.90,42.00,2500,36.20,22.00,
2024-07-19T11:44:44,1325.52,403,31.90,42.00,2500,36.10,22.00,
2024-07-19T11:44:47,610.65,404,32.00,42.00,2500,36.20,22.00,
2024-07-19T11:44:50,964.14,405,32.00,42.00,2500,36.20,22.00,
2024-07-19T11:44:53,1271.17,404,32.00,42.00,2500,36.20,22.00,
2024-07-19T11:44:56,624.51,403,31.90,42.00,2500,36.20,22.00,
2024-07-19T11:44:59,876.02,402,31.90,42.00,2500,36.20,22.00,
2024-07-19T11:45:02,592.45,400,31.90,42.00,2500,36.20,22.00,
2024-07-19T11:45:05,1600.06,398,31.90,42.00,2500,36.20,22.00,
2024-07-19T11:45:08,1342.20,397,31.90,42.00,2500,36.20,22.00,
2024-07-19T11:45:12,1201.95,396,31.90,42.00,2500,36.20,22.00,
2024-07-19T11:45:15,1530.78,394,31.90,42.00,2500,36.30,22.00,
2024-07-19T11:45:18,1472.40,393,31.90,42.00,2500,36.20,22.00,
2024-07-19T11:45:21,746.47,394,31.90,42.00,2500,36.20,22.00,
2024-07-19T11:45:24,477.73,393,31.90,42.00,2500,36.20,22.00,
2024-07-19T11:45:27,475.46,394,31.90,42.00,2500,36.20,22.00,
2024-07-19T11:45:30,968.11,394,31.90,42.00,2500,36.30,22.00,
2024-07-19T11:45:33,1287.26,394,31.90,42.00,2500,36.10,22.00,
2024-07-19T11:45:36,395.90,395,31.90,42.00,2500,35.90,21.00,
2024-07-19T11:45:39,921.30,396,32.00,42.00,2500,36.20,22.00,
2024-07-19T11:45:42,821.66,397,32.00,42.00,2500,36.30,22.00,
2024-07-19T11:45:45,981.42,398,32.00,42.00,2500,36.20,22.00,
2024-07-19T11:45:49,892.77,400,32.00,42.00,2500,36.20,22.00,
2024-07-19T11:45:52,500.33,403,32.00,42.00,2500,36.20,22.00,
2024-07-19T11:45:55,1385.64,404,32.00,42.00,2500,36.30,22.00,
2024-07-19T11:45:58,440.01,405,32.00,42.00,2500,36.30,22.00,
2024-07-19T11:46:01,1419.47,405,31.90,42.00,2500,36.20,22.00,
2024-07-19T11:46:04,502.50,404,31.90,42.00,2500,36.30,22.00,
2024-07-19T11:46:07,1038.39,402,31.90,42.00,2500,36.20,22.00,
2024-07-19T11:46:10,1218.35,399,31.90,42.00,2500,36.20,22.00,
2024-07-19T11:46:13,492.64,396,31.90,42.00,2500,36.30,22.00,
2024-07-19T11:46:16,1606.89,393,31.90,42.00,2500,36.30,22.00,
2024-07-19T11:46:19,615.25,391,31.90,42.00,2500,36.20,22.00,
2024-07-19T11:46:22,805.14,390,32.00,42.00,2500,36.20,22.00,
2024-07-19T11:46:26,1195.97,390,32.00,42.00,2500,36.30,22.00,
2024-07-19T11:46:29,590.92,391,32.00,42.00,2500,36.20,22.00,
2024-07-19T11:46:32,1214.25,392,32.00,42.00,2500,36.30,22.00,
2024-07-19T11:46:35,663.50,394,32.00,42.00,2500,36.20,22.00,
2024-07-19T11:46:38,1118.58,395,32.00,42.00,2500,36.20,22.00,
2024-07-19T11:46:41,1153.66,396,32.00,42.00,2500,36.30,22.00,
2024-07-19T11:46:44,609.79,396,32.10,42.00,2500,36.30,22.00,
2024-07-19T11:46:47,1549.00,396,32.00,42.00,2500,36.30,22.00,
2024-07-19T11:46:50,419.42,396,32.10,42.00,2500,36.30,22.00,
2024-07-19T11:46:53,1183.41,395,32.10,42.00,2500,36.30,21.00,
2024-07-19T11:46:56,954.83,395,32.10,42.00,2500,36.30,22.00,
2024-07-19T11:46:59,894.44,394,32.10,42.00,2500,36.30,22.00,
2024-07-19T11:47:03,994.10,392,32.10,42.00,2500,36.30,22.00,
2024-07-19T11:47:06,1035.79,391,32.10,42.00,2500,36.40,22.00,
2024-07-19T11:47:09,657.54,390,32.10,42.00,2500,36.40,21.00,
2024-07-19T11:47:12,1544.62,389,32.10,42.00,2500,36.30,21.00,
2024-07-19T11:47:15,350.68,390,32.10,42.00,2500,36.30,21.00,
2024-07-19T11:47:18,1373.37,389,32.10,42.00,2500,36.30,21.00,
2024-07-19T11:47:21,440.39,390,32.20,42.00,2500,36.40,21.00,
2024-07-19T11:47:24,1297.01,391,32.10,42.00,2500,36.30,21.00,
2024-07-19T11:47:27,1114.43,392,32.10,42.00,2500,36.30,21.00,
2024-07-19T11:47:30,767.51,392,32.10,42.00,2500,36.40,21.00,
2024-07-19T11:47:33,1249.44,391,32.10,42.00,2500,36.50,21.00,
2024-07-19T11:47:36,1001.48,390,32.10,42.00,2500,36.30,21.00,
2024-07-19T11:47:40,740.27,389,32.10,42.00,2500,36.30,21.00,
2024-07-19T11:47:43,1424.26,387,32.10,42.00,2500,36.50,21.00,
2024-07-19T11:47:46,1444.35,386,32.10,42.00,2500,36.30,21.00,
2024-07-19T11:47:49,1122.42,384,32.10,42.00,2500,36.50,21.00,
2024-07-19T11:47:52,790.07,383,32.10,42.00,2500,36.60,21.00,
2024-07-19T11:47:55,1163.71,384,32.10,42.00,2500,36.30,22.00,
2024-07-19T11:47:58,539.40,385,32.20,42.00,2500,36.30,22.00,
2024-07-19T11:48:01,573.02,385,32.20,42.00,2500,36.40,22.00,
2024-07-19T11:48:04,508.14,388,32.30,42.00,2500,36.70,22.00,
2024-07-19T11:48:07,309.69,390,32.30,41.00,2500,36.30,22.00,
2024-07-19T11:48:10,584.70,392,32.30,41.00,2500,36.70,22.00,
2024-07-19T11:48:13,1180.93,393,32.30,41.00,2500,36.70,22.00,
2024-07-19T11:48:16,1549.55,394,32.30,41.00,2500,36.70,22.00,
2024-07-19T11:48:20,1589.27,394,32.40,41.00,2500,36.60,22.00,
2024-07-19T11:48:23,1088.18,394,32.30,41.00,2500,36.70,21.00,
2024-07-19T11:48:26,777.59,394,32.30,41.00,2500,36.70,21.00,
2024-07-19T11:48:29,317.10,394,32.40,41.00,2500,36.50,21.00,
2024-07-19T11:48:32,1111.35,393,32.40,41.00,2500,36.70,21.00,
2024-07-19T11:48:35,1189.19,392,32.40,41.00,2500,36.70,21.00,
2024-07-19T11:48:38,851.29,392,32.40,41.00,2500,36.60,21.00,
2024-07-19T11:48:41,382.41,391,32.40,41.00,2500,36.80,21.00,
2024-07-19T11:48:44,711.82,391,32.30,41.00,2500,36.80,21.00,
2024-07-19T11:48:47,905.74,391,32.30,41.00,2500,36.80,21.00,
2024-07-19T11:48:50,1454.93,391,32.30,41.00,2500,36.70,21.00,
2024-07-19T11:48:53,1378.82,391,32.30,41.00,2500,36.70,21.00,
2024-07-19T11:48:57,738.74,391,32.30,41.00,2500,36.70,21.00,
2024-07-19T11:49:00,495.12,390,32.30,41.00,2500,36.80,21.00,
2024-07-19T11:49:03,785.01,390,32.40,41.00,2500,36.80,21.00,
2024-07-19T11:49:06,601.29,391,32.40,41.00,2500,36.80,21.00,
2024-07-19T11:49:09,1504.30,392,32.40,41.00,2500,36.80,21.00,
2024-07-19T11:49:12,906.25,393,32.40,41.00,2500,36.80,21.00,
2024-07-19T11:49:15,1302.06,394,32.40,41.00,2500,36.80,21.00,
2024-07-19T11:49:18,1191.80,396,32.50,41.00,2500,36.80,21.00,
2024-07-19T11:49:21,688.54,398,32.40,41.00,2500,36.70,21.00,
2024-07-19T11:49:24,1383.23,399,32.40,41.00,2500,36.80,21.00,
2024-07-19T11:49:27,1155.07,399,32.40,41.00,2500,36.80,21.00,
2024-07-19T11:49:30,836.91,399,32.40,41.00,2500,36.80,21.00,
2024-07-19T11:49:34,1056.80,398,32.40,41.00,2500,36.80,21.00,
2024-07-19T11:49:37,656.98,396,32.40,41.00,2500,36.80,21.00,
2024-07-19T11:49:40,1144.18,393,32.40,41.00,2500,36.80,21.00,
2024-07-19T11:49:43,690.86,391,32.40,41.00,2500,36.80,21.00,
2024-07-19T11:49:46,1059.67,390,32.40,41.00,2500,36.80,21.00,
2024-07-19T11:49:49,557.17,389,32.40,41.00,2500,36.80,21.00,
2024-07-19T11:49:52,1519.28,388,32.40,41.00,2500,36.80,21.00,
2024-07-19T11:49:55,769.28,389,32.40,41.00,2500,36.80,21.00,
2024-07-19T11:49:58,735.80,391,32.40,41.00,2500,36.90,21.00,
2024-07-19T11:50:01,1276.73,394,32.50,41.00,2500,36.90,21.00,
2024-07-19T11:50:04,966.40,397,32.50,41.00,2500,36.90,21.00,
2024-07-19T11:50:07,725.48,399,32.50,41.00,2500,36.70,21.00,
2024-07-19T11:50:11,1296.80,402,32.50,41.00,2500,36.80,21.00,
2024-07-19T11:50:14,407.46,404,32.40,41.00,2500,36.80,21.00,
2024-07-19T11:50:17,1215.88,405,32.40,41.00,2500,36.80,21.00,
2024-07-19T11:50:20,1337.50,404,32.40,41.00,2500,36.90,21.00,
2024-07-19T11:50:23,1419.32,403,32.50,41.00,2500,36.90,21.00,
2024-07-19T11:50:26,1158.84,402,32.50,41.00,2500,36.90,21.00,
2024-07-19T11:50:29,1283.57,400,32.50,41.00,2500,36.90,21.00,
2024-07-19T11:50:32,1129.90,398,32.50,41.00,2500,36.90,21.00,
2024-07-19T11:50:35,1471.71,396,32.50,41.00,2500,36.90,21.00,
2024-07-19T11:50:38,1515.32,394,32.50,41.00,2500,36.90,21.00,
2024-07-19T11:50:41,721.70,393,32.50,41.00,2500,36.90,21.00,
2024-07-19T11:50:44,590.12,392,32.50,41.00,2500,37.00,20.00,
2024-07-19T11:50:48,960.92,391,32.50,41.00,2500,36.90,21.00,
2024-07-19T11:50:51,1328.27,390,32.50,41.00,2500,36.90,20.00,
2024-07-19T11:50:54,875.64,390,32.50,41.00,2500,36.90,20.00,
2024-07-19T11:50:57,774.98,391,32.50,41.00,2500,36.90,20.00,
2024-07-19T11:51:00,1300.80,392,32.40,41.00,2500,36.90,20.00,
2024-07-19T11:51:03,481.89,392,32.50,41.00,2500,36.90,20.00,
2024-07-19T11:51:06,1056.70,394,32.40,41.00,2500,36.90,20.00,
2024-07-19T11:51:09,1224.01,395,32.40,41.00,2500,36.90,20.00,
2024-07-19T11:51:12,525.83,395,32.40,41.00,2500,36.90,20.00,
2024-07-19T11:51:15,1191.92,395,32.50,41.00,2500,37.00,20.00,
2024-07-19T11:51:18,1190.62,395,32.50,41.00,2500,37.00,20.00,
2024-07-19T11:51:21,1041.16,394,32.50,41.00,2500,36.90,20.00,
2024-07-19T11:51:25,873.71,394,32.50,41.00,2500,36.90,20.00,
2024-07-19T11:51:28,1351.20,393,32.50,41.00,2500,36.90,20.00,
2024-07-19T11:51:31,810.13,392,32.60,41.00,2500,37.00,20.00,
2024-07-19T11:51:34,666.98,391,32.60,41.00,2500,37.00,20.00,
2024-07-19T11:51:37,1282.16,390,32.60,41.00,2500,37.00,20.00,
2024-07-19T11:51:40,1282.29,388,32.60,41.00,2500,37.10,20.00,
2024-07-19T11:51:43,831.85,387,32.60,41.00,2500,37.00,20.00,
2024-07-19T11:51:46,1377.18,387,32.70,41.00,2500,37.00,20.00,
2024-07-19T11:51:49,705.72,387,32.70,41.00,2500,37.10,20.00,
2024-07-19T11:51:52,504.96,388,32.80,40.00,2500,37.10,20.00,
2024-07-19T11:51:55,760.15,389,32.80,40.00,2500,37.10,20.00,
2024-07-19T11:51:58,1250.22,390,32.80,40.00,2500,37.20,20.00,
2024-07-19T11:52:01,1107.42,391,32.80,40.00,2500,37.10,20.00,
2024-07-19T11:52:05,1116.13,391,32.80,40.00,2500,37.10,20.00,
2024-07-19T11:52:08,954.89,390,32.80,40.00,2500,37.10,20.00,
2024-07-19T11:52:11,717.90,390,32.80,40.00,2500,37.30,20.00,
2024-07-19T11:52:14,587.19,390,32.80,40.00,2500,37.40,20.00,
2024-07-19T11:52:17,540.02,390,32.70,40.00,2500,37.10,20.00,
2024-07-19T11:52:20,1366.10,390,32.70,40.00,2500,37.40,20.00,
2024-07-19T11:52:23,1148.06,390,32.80,40.00,2500,36.50,20.00,
2024-07-19T11:52:26,545.24,389,32.80,40.00,2500,37.10,20.00,
2024-07-19T11:52:29,920.11,388,32.80,40.00,2500,37.10,20.00,
2024-07-19T11:52:32,646.09,386,32.80,40.00,2500,37.30,20.00,
2024-07-19T11:52:35,516.99,383,32.80,40.00,2500,37.30,20.00,
2024-07-19T11:52:38,916.04,380,32.80,40.00,2500,37.50,20.00,
2024-07-19T11:52:42,1499.15,377,32.80,40.00,2500,37.50,20.00,
2024-07-19T11:52:45,1340.95,375,32.80,40.00,2500,37.50,20.00,
2024-07-19T11:52:48,1546.58,374,32.80,40.00,2500,37.50,20.00,
2024-07-19T11:52:51,1164.06,375,32.80,40.00,2500,37.50,20.00,
2024-07-19T11:52:54,416.87,377,32.90,40.00,2500,37.50,20.00,
2024-07-19T11:52:57,1232.73,380,32.90,40.00,2500,37.40,20.00,
2024-07-19T11:53:00,1487.43,383,32.90,40.00,2500,37.50,20.00,
2024-07-19T11:53:03,1267.07,386,32.90,40.00,2500,37.50,20.00,
2024-07-19T11:53:06,1630.96,390,32.90,40.00,2500,37.50,20.00,
2024-07-19T11:53:09,1150.11,392,32.90,40.00,2500,37.50,20.00,
2024-07-19T11:53:12,1239.06,393,32.90,40.00,2500,37.60,20.00,
2024-07-19T11:53:15,1812.04,392,32.90,40.00,2500,37.60,20.00,
2024-07-19T11:53:19,1094.38,393,32.90,40.00,2500,37.60,20.00,
2024-07-19T11:53:22,780.63,392,32.90,40.00,2500,37.60,20.00,
2024-07-19T11:53:25,633.28,390,33.00,40.00,2500,37.60,19.00,
2024-07-19T11:53:28,967.21,389,32.90,40.00,2500,37.60,19.00,
2024-07-19T11:53:31,962.26,389,32.90,40.00,2500,37.60,19.00,
2024-07-19T11:53:34,540.02,389,33.00,40.00,2500,37.60,19.00,
2024-07-19T11:53:37,1573.82,389,33.00,40.00,2500,37.60,19.00,
2024-07-19T11:53:40,779.77,387,32.90,40.00,2500,37.60,19.00,
2024-07-19T11:53:43,1076.30,386,32.90,40.00,2500,37.60,19.00,
2024-07-19T11:53:46,1486.04,384,32.90,40.00,2500,37.60,19.00,
2024-07-19T11:53:49,806.30,382,33.00,40.00,2500,37.60,19.00,
2024-07-19T11:53:52,702.96,381,33.00,40.00,2500,37.70,19.00,
2024-07-19T11:53:56,1257.36,379,33.00,40.00,2500,37.70,19.00,
2024-07-19T11:53:59,1504.99,379,33.00,40.00,2500,37.70,19.00,
2024-07-19T11:54:02,562.04,379,32.90,40.00,2500,37.70,19.00,
2024-07-19T11:54:05,587.85,380,33.00,40.00,2500,37.70,19.00,
2024-07-19T11:54:08,508.42,381,33.00,40.00,2500,37.70,19.00,
2024-07-19T11:54:11,562.07,382,33.00,40.00,2500,37.70,19.00,
2024-07-19T11:54:14,861.65,384,33.00,40.00,2500,37.80,19.00,
2024-07-19T11:54:17,584.36,385,33.10,40.00,2500,37.70,19.00,
2024-07-19T11:54:20,1025.43,385,33.10,40.00,2500,37.70,19.00,
2024-07-19T11:54:23,1388.76,386,33.10,40.00,2500,37.60,19.00,
2024-07-19T11:54:26,1496.60,386,33.20,40.00,2500,37.80,19.00,
2024-07-19T11:54:29,1139.13,387,33.20,40.00,2500,37.80,19.00,
2024-07-19T11:54:33,1294.13,389,33.20,40.00,2500,37.70,19.00,
2024-07-19T11:54:36,1437.22,389,33.10,40.00,2500,37.70,19.00,
2024-07-19T11:54:39,1124.77,390,33.10,40.00,2500,37.80,19.00,
2024-07-19T11:54:42,972.66,390,33.10,40.00,2500,37.80,19.00,
2024-07-19T11:54:45,854.51,390,33.00,40.00,2500,37.80,19.00,
2024-07-19T11:54:48,790.30,389,33.10,40.00,2500,37.80,19.00,
2024-07-19T11:54:51,999.47,388,33.00,40.00,2500,37.70,19.00,
2024-07-19T11:54:54,1206.03,387,33.10,40.00,2500,37.80,19.00,
2024-07-19T11:54:57,1161.13,387,33.00,40.00,2500,37.80,19.00,
2024-07-19T11:55:00,1648.64,387,33.00,40.00,2500,37.80,19.00,
2024-07-19T11:55:03,1400.17,387,33.10,40.00,2500,37.80,19.00,
2024-07-19T11:55:06,1454.19,388,33.10,40.00,2500,37.80,19.00,
2024-07-19T11:55:09,1179.49,389,33.10,40.00,2500,37.80,19.00,
2024-07-19T11:55:13,1133.78,390,33.20,40.00,2500,37.80,19.00,
2024-07-19T11:55:16,645.26,391,33.20,40.00,2500,37.80,19.00,
2024-07-19T11:55:19,596.29,391,33.30,40.00,2500,37.90,19.00,
2024-07-19T11:55:22,917.81,392,33.30,40.00,2500,37.80,19.00,
2024-07-19T11:55:25,1191.54,392,33.30,40.00,2500,37.80,19.00,
2024-07-19T11:55:28,903.46,393,33.30,40.00,2500,37.80,19.00,
2024-07-19T11:55:31,1387.07,393,33.20,40.00,2500,37.90,19.00,
2024-07-19T11:55:34,1168.93,394,33.20,40.00,2500,37.80,19.00,
2024-07-19T11:55:37,1077.85,393,33.20,40.00,2500,37.80,19.00,
2024-07-19T11:55:40,1071.86,392,33.20,40.00,2500,37.90,19.00,
2024-07-19T11:55:43,1422.97,390,33.20,40.00,2500,37.90,19.00,
2024-07-19T11:55:46,1304.97,390,33.20,40.00,2500,37.90,19.00,
2024-07-19T11:55:50,1673.21,389,33.20,40.00,2500,38.00,20.00,
2024-07-19T11:55:53,1314.43,388,33.30,40.00,2500,38.00,20.00,
2024-07-19T11:55:56,1353.27,388,33.30,40.00,2500,37.80,19.00,
2024-07-19T11:55:59,910.68,388,33.30,40.00,2500,38.10,20.00,
2024-07-19T11:56:02,372.20,389,33.30,40.00,2500,37.80,19.00,
2024-07-19T11:56:05,642.62,389,33.30,40.00,2500,38.10,20.00,
2024-07-19T11:56:08,547.24,388,33.30,40.00,2500,38.10,20.00,
2024-07-19T11:56:11,552.71,388,33.30,40.00,2500,38.00,20.00,
2024-07-19T11:56:14,994.86,389,33.30,40.00,2500,38.10,20.00,
2024-07-19T11:56:17,868.40,390,33.30,40.00,2500,38.10,20.00,
2024-07-19T11:56:20,974.03,390,33.40,40.00,2500,38.00,20.00,
2024-07-19T11:56:23,1313.73,391,33.40,40.00,2500,38.10,20.00,
2024-07-19T11:56:27,1299.28,392,33.40,40.00,2500,38.00,20.00,
2024-07-19T11:56:30,1488.23,393,33.40,40.00,2500,38.20,20.00,
2024-07-19T11:56:33,1530.32,394,33.40,40.00,2500,38.30,20.00,
2024-07-19T11:56:36,1256.05,394,33.40,40.00,2500,38.00,20.00,
2024-07-19T11:56:39,1309.53,392,33.40,40.00,2500,38.00,20.00,
2024-07-19T11:56:42,1504.51,391,33.40,40.00,2500,38.30,20.00,
2024-07-19T11:56:45,1331.36,390,33.40,40.00,2500,38.20,20.00,
2024-07-19T11:56:48,735.37,389,33.40,40.00,2500,38.20,20.00,
2024-07-19T11:56:51,809.71,388,33.40,40.00,2500,38.20,20.00,
2024-07-19T11:56:54,1212.80,387,33.40,40.00,2500,37.90,19.00,
2024-07-19T11:56:57,580.35,387,33.40,40.00,2500,38.20,20.00,
2024-07-19T11:57:00,1293.51,387,33.40,40.00,2500,38.00,20.00,
2024-07-19T11:57:04,970.33,388,33.40,40.00,2500,38.10,20.00,
2024-07-19T11:57:07,1189.18,388,33.40,39.00,2500,38.20,20.00,
2024-07-19T11:57:10,1389.15,388,33.50,39.00,2500,38.30,20.00,
2024-07-19T11:57:13,670.89,388,33.50,39.00,2500,38.30,20.00,
2024-07-19T11:57:16,625.15,388,33.50,39.00,2500,38.30,20.00,
2024-07-19T11:57:19,1355.36,388,33.60,39.00,2500,38.30,20.00,
2024-07-19T11:57:22,1325.57,388,33.60,39.00,2500,38.30,20.00,
2024-07-19T11:57:25,1181.68,389,33.60,39.00,2500,38.30,20.00,
2024-07-19T11:57:28,623.19,390,33.60,39.00,2500,38.30,20.00,
2024-07-19T11:57:31,1492.63,390,33.70,39.00,2500,38.30,20.00,
2024-07-19T11:57:34,951.98,389,33.70,39.00,2500,38.30,20.00,
2024-07-19T11:57:37,788.10,389,33.70,39.00,2500,38.30,20.00,
2024-07-19T11:57:41,1425.84,389,33.70,39.00,2500,38.30,20.00,
2024-07-19T11:57:44,1136.68,389,33.70,39.00,2500,38.30,20.00,
2024-07-19T11:57:47,752.63,389,33.80,39.00,2500,38.30,20.00,
2024-07-19T11:57:50,559.70,391,33.80,39.00,2500,38.30,20.00,
2024-07-19T11:57:53,979.35,393,33.80,39.00,2500,38.30,20.00,
2024-07-19T11:57:56,1470.07,395,33.80,39.00,2500,38.30,20.00,
2024-07-19T11:57:59,1394.76,401,33.80,39.00,2500,38.40,20.00,
2024-07-19T11:58:02,1142.70,403,33.90,39.00,2500,38.30,20.00,
2024-07-19T11:58:05,805.10,405,33.90,39.00,2500,38.30,20.00,
2024-07-19T11:58:08,501.52,405,33.90,39.00,2500,38.30,20.00,
2024-07-19T11:58:11,955.60,405,33.90,38.00,2500,38.40,20.00,
2024-07-19T11:58:14,1349.61,404,33.90,38.00,2500,38.40,20.00,
2024-07-19T11:58:17,1415.46,403,33.90,38.00,2500,38.30,20.00,
2024-07-19T11:58:21,1166.38,401,33.90,38.00,2500,38.40,20.00,
2024-07-19T11:58:24,1338.82,399,33.90,38.00,2500,38.30,20.00,
2024-07-19T11:58:27,788.75,398,33.90,38.00,2500,38.50,20.00,
2024-07-19T11:58:30,688.83,396,34.00,38.00,2500,38.40,20.00,
2024-07-19T11:58:33,449.09,394,34.00,38.00,2500,38.50,19.00,
2024-07-19T11:58:36,704.78,392,34.00,38.00,2500,38.40,19.00,
2024-07-19T11:58:39,926.65,389,34.10,38.00,2500,38.50,20.00,
2024-07-19T11:58:42,1235.60,387,34.10,38.00,2500,38.50,20.00,
2024-07-19T11:58:45,1371.83,385,34.00,38.00,2500,38.50,20.00,
2024-07-19T11:58:48,1100.33,385,34.10,38.00,2500,38.50,19.00,
2024-07-19T11:58:51,1172.44,385,34.00,38.00,2500,38.50,20.00,
2024-07-19T11:58:54,486.53,385,34.10,38.00,2500,38.50,19.00,
2024-07-19T11:58:58,615.76,386,34.10,38.00,2500,38.60,19.00,
2024-07-19T11:59:01,691.84,388,34.00,38.00,2500,38.50,19.00,
2024-07-19T11:59:04,944.31,389,34.10,38.00,2500,38.50,19.00,
2024-07-19T11:59:07,1495.16,390,34.10,38.00,2500,38.50,19.00,
2024-07-19T11:59:10,1130.03,390,34.00,38.00,2500,38.50,19.00,
2024-07-19T11:59:13,1303.29,390,34.00,38.00,2500,38.10,19.00,
2024-07-19T11:59:16,800.73,389,34.00,38.00,2500,38.50,20.00,
2024-07-19T11:59:19,663.24,389,34.10,38.00,2500,38.40,19.00,
2024-07-19T11:59:22,992.30,388,34.10,38.00,2500,38.60,20.00,
2024-07-19T11:59:25,1412.03,388,34.00,38.00,2500,38.70,20.00,
2024-07-19T11:59:28,1323.67,387,34.10,38.00,2500,38.80,20.00,
2024-07-19T11:59:31,1148.64,387,34.10,38.00,2500,38.50,20.00,
2024-07-19T11:59:35,902.73,387,34.20,38.00,2500,38.50,20.00,
2024-07-19T11:59:38,733.91,386,34.10,38.00,2500,38.50,20.00,
2024-07-19T11:59:41,625.84,386,34.10,38.00,2500,38.50,20.00,
2024-07-19T11:59:44,1530.34,385,34.20,38.00,2500,38.60,20.00,
2024-07-19T11:59:47,1362.11,386,34.20,38.00,2500,38.50,20.00,
2024-07-19T11:59:50,1276.82,387,34.10,38.00,2500,38.80,20.00,
2024-07-19T11:59:53,534.40,390,34.10,38.00,2500,38.70,20.00,
2024-07-19T11:59:56,680.01,391,34.20,38.00,2500,38.80,19.00,
2024-07-19T11:59:59,1194.00,394,34.10,38.00,2500,38.80,20.00,
2024-07-19T12:00:02,1273.99,397,34.10,38.00,2500,38.80,20.00,
2024-07-19T12:00:05,1099.72,399,34.10,38.00,2500,38.50,20.00,
2024-07-19T12:00:08,427.13,400,34.10,38.00,2500,38.80,19.00,
2024-07-19T12:00:12,595.95,400,34.10,38.00,2500,38.80,20.00,
2024-07-19T12:00:15,1005.31,400,34.10,38.00,2500,38.80,20.00,
2024-07-19T12:00:18,1404.06,400,34.20,38.00,2500,38.50,20.00,
2024-07-19T12:00:21,983.10,400,34.20,38.00,2500,38.80,20.00,
2024-07-19T12:00:24,469.82,401,34.20,38.00,2500,38.70,20.00,
2024-07-19T12:00:27,829.91,402,34.20,38.00,2500,38.80,20.00,
2024-07-19T12:00:30,859.02,403,34.30,38.00,2500,38.70,20.00,
2024-07-19T12:00:33,1426.92,405,34.20,38.00,2500,38.80,20.00,
2024-07-19T12:00:36,996.25,405,34.20,38.00,2500,38.80,20.00,
2024-07-19T12:00:39,741.04,407,34.20,38.00,2500,38.70,19.00,
2024-07-19T12:00:42,615.96,407,34.20,38.00,2500,38.70,20.00,
2024-07-19T12:00:45,354.77,408,34.20,38.00,2500,38.60,20.00,
2024-07-19T12:00:49,548.57,409,34.20,38.00,2500,38.50,20.00,
2024-07-19T12:00:52,577.94,410,34.20,38.00,2500,38.80,20.00,
2024-07-19T12:00:55,600.46,411,34.30,38.00,2500,38.50,20.00,
2024-07-19T12:00:58,1137.56,410,34.20,38.00,2500,38.70,20.00,
2024-07-19T12:01:01,1300.78,411,34.20,38.00,2500,38.80,20.00,
2024-07-19T12:01:04,796.83,410,34.20,38.00,2500,38.60,20.00,
2024-07-19T12:01:07,657.69,409,34.20,38.00,2500,38.50,20.00,
2024-07-19T12:01:10,558.34,409,34.20,38.00,2500,38.80,19.00,
2024-07-19T12:01:13,711.63,408,34.20,38.00,2500,38.60,20.00,
2024-07-19T12:01:16,1339.67,407,34.20,38.00,2500,38.50,20.00,
2024-07-19T12:01:19,1356.04,406,34.20,38.00,2500,38.80,19.00,
2024-07-19T12:01:22,1292.81,405,34.20,38.00,2500,38.80,20.00,
2024-07-19T12:01:26,1019.96,404,34.20,38.00,2500,38.60,19.00,
2024-07-19T12:01:29,1036.68,402,34.20,38.00,2500,38.80,19.00,
2024-07-19T12:01:32,1318.87,401,34.30,38.00,2500,38.50,20.00,
2024-07-19T12:01:35,1033.40,400,34.20,38.00,2500,38.50,19.00,
2024-07-19T12:01:38,593.70,399,34.20,38.00,2500,38.80,20.00,
2024-07-19T12:01:41,590.75,399,34.30,38.00,2500,38.80,19.00,
2024-07-19T12:01:44,505.40,399,34.30,38.00,2500,38.60,20.00,
2024-07-19T12:01:47,864.62,400,34.30,38.00,2500,38.70,19.00,
2024-07-19T12:01:50,660.07,401,34.40,38.00,2500,38.80,20.00,
2024-07-19T12:01:53,563.37,403,34.40,38.00,2500,38.80,20.00,
2024-07-19T12:01:56,310.98,404,34.30,38.00,2500,38.80,20.00,
2024-07-19T12:01:59,1478.52,406,34.30,38.00,2500,38.80,20.00,
2024-07-19T12:02:03,1111.35,408,34.30,38.00,2500,38.60,19.00,
2024-07-19T12:02:06,867.03,409,34.30,38.00,2500,38.80,19.00,
2024-07-19T12:02:09,516.41,409,34.30,38.00,2500,38.70,19.00,
2024-07-19T12:02:12,679.23,409,34.40,38.00,2500,38.80,20.00,
2024-07-19T12:02:15,1012.43,410,34.40,38.00,2500,38.80,19.00,
2024-07-19T12:02:18,895.28,410,34.40,38.00,2500,38.80,19.00,
2024-07-19T12:02:21,1694.21,410,34.40,38.00,2500,38.80,19.00,
2024-07-19T12:02:24,1138.31,410,34.50,38.00,2500,38.80,19.00,
2024-07-19T12:02:27,610.43,410,34.50,38.00,2500,38.70,19.00,
2024-07-19T12:02:30,750.54,411,34.40,38.00,2500,38.80,20.00,
2024-07-19T12:02:33,827.29,411,34.40,38.00,2500,38.60,19.00,
2024-07-19T12:02:37,1222.22,411,34.40,38.00,2500,38.80,19.00,
2024-07-19T12:02:40,1495.48,411,34.40,38.00,2500,38.80,19.00,
2024-07-19T12:02:43,661.38,412,34.40,38.00,2500,38.80,19.00,
2024-07-19T12:02:46,633.11,412,34.50,38.00,2500,38.80,19.00,
2024-07-19T12:02:49,1083.88,411,34.50,38.00,2500,38.80,20.00,
2024-07-19T12:02:52,1357.95,410,34.50,38.00,2500,38.80,19.00,
2024-07-19T12:02:55,1239.62,409,34.50,38.00,2500,38.90,19.00,
2024-07-19T12:02:58,1078.16,408,34.60,38.00,2500,38.80,19.00,
2024-07-19T12:03:01,475.47,407,34.50,37.00,2500,38.80,19.00,
2024-07-19T12:03:04,519.86,406,34.50,37.00,2500,38.80,19.00,
2024-07-19T12:03:07,638.72,405,34.50,37.00,2500,38.80,19.00,
2024-07-19T12:03:10,1043.75,405,34.50,37.00,2500,38.90,19.00,
2024-07-19T12:03:14,1575.90,405,34.50,37.00,2500,38.80,20.00,
2024-07-19T12:03:17,1213.26,405,34.50,37.00,2500,38.90,19.00,
2024-07-19T12:03:20,837.89,404,34.60,37.00,2500,38.80,19.00,
2024-07-19T12:03:23,1480.48,403,34.50,37.00,2500,38.90,19.00,
2024-07-19T12:03:26,638.72,402,34.60,37.00,2500,38.80,19.00,
2024-07-19T12:03:29,913.99,402,34.60,37.00,2500,38.80,19.00,
2024-07-19T12:03:32,1148.34,401,34.60,37.00,2500,38.80,19.00,
2024-07-19T12:03:35,1337.73,401,34.60,37.00,2500,38.90,19.00,
2024-07-19T12:03:38,1163.93,401,34.60,37.00,2500,38.70,19.00,
2024-07-19T12:03:41,793.83,402,34.60,37.00,2500,38.80,19.00,
2024-07-19T12:03:44,1092.03,402,34.60,37.00,2500,38.60,19.00,
2024-07-19T12:03:47,614.82,403,34.70,37.00,2500,38.90,19.00,
2024-07-19T12:03:51,475.14,402,34.70,37.00,2500,38.80,19.00,
2024-07-19T12:03:54,780.32,402,34.70,37.00,2500,38.90,19.00,
2024-07-19T12:03:57,1527.91,402,34.70,37.00,2500,38.80,19.00,
2024-07-19T12:04:00,1439.81,402,34.70,37.00,2500,38.90,19.00,
2024-07-19T12:04:03,597.89,401,34.80,37.00,2500,38.80,20.00,
2024-07-19T12:04:06,630.35,400,34.80,37.00,2500,38.90,20.00,
2024-07-19T12:04:09,533.27,400,34.80,37.00,2500,39.00,20.00,
2024-07-19T12:04:12,1215.50,400,34.80,37.00,2500,38.90,19.00,
2024-07-19T12:04:15,1189.52,400,34.80,37.00,2500,38.90,19.00,
2024-07-19T12:04:18,1427.68,399,34.80,37.00,2500,39.00,20.00,
2024-07-19T12:04:21,533.80,400,34.70,37.00,2500,38.90,19.00,
2024-07-19T12:04:25,627.64,400,34.70,37.00,2500,38.90,19.00,
2024-07-19T12:04:28,1414.51,402,34.70,37.00,2500,38.90,19.00,
2024-07-19T12:04:31,1229.86,403,34.70,37.00,2500,39.00,20.00,
2024-07-19T12:04:34,578.91,405,34.70,37.00,2500,38.90,19.00,
2024-07-19T12:04:37,1114.86,408,34.80,37.00,2500,38.90,19.00,
2024-07-19T12:04:40,1191.33,409,34.80,37.00,2500,38.90,19.00,
2024-07-19T12:04:43,926.10,408,34.80,37.00,2500,39.00,20.00,
2024-07-19T12:04:46,654.49,407,34.80,37.00,2500,38.90,19.00,
2024-07-19T12:04:49,1108.59,404,34.80,37.00,2500,39.00,20.00,
2024-07-19T12:04:52,1414.16,401,34.80,37.00,2500,39.00,20.00,
2024-07-19T12:04:55,1584.83,399,34.80,37.00,2500,39.00,20.00,
2024-07-19T12:04:58,794.52,398,34.90,37.00,2500,39.00,20.00,
2024-07-19T12:05:02,587.66,398,34.90,37.00,2500,39.00,20.00,
2024-07-19T12:05:05,1327.25,398,34.90,37.00,2500,39.00,20.00,
2024-07-19T12:05:08,1478.94,398,34.90,37.00,2500,39.00,20.00,
2024-07-19T12:05:11,974.40,400,34.90,37.00,2500,39.00,20.00,
2024-07-19T12:05:14,539.88,400,34.80,37.00,2500,39.00,20.00,
2024-07-19T12:05:17,1015.89,402,34.80,37.00,2500,39.00,20.00,
2024-07-19T12:05:20,1490.81,401,34.80,37.00,2500,39.00,20.00,
2024-07-19T12:05:23,1045.25,402,34.80,37.00,2500,39.00,20.00,
2024-07-19T12:05:26,581.64,403,34.80,37.00,2500,39.00,20.00,
2024-07-19T12:05:29,689.36,405,34.90,37.00,2500,39.00,20.00,
2024-07-19T12:05:32,1142.62,407,34.90,37.00,2500,39.00,20.00,
2024-07-19T12:05:35,1303.69,409,34.90,37.00,2500,39.00,20.00,
2024-07-19T12:05:39,504.61,412,34.90,37.00,2500,39.00,20.00,
2024-07-19T12:05:42,880.87,414,34.90,37.00,2500,39.00,20.00,
2024-07-19T12:05:45,1414.85,417,34.90,37.00,2500,39.10,20.00,
2024-07-19T12:05:48,851.55,418,34.90,37.00,2500,39.10,20.00,
2024-07-19T12:05:51,460.52,419,35.00,37.00,2500,39.10,20.00,
2024-07-19T12:05:54,1003.32,419,35.00,37.00,2500,39.10,20.00,
2024-07-19T12:05:57,1388.86,418,35.00,37.00,2500,39.00,20.00,
2024-07-19T12:06:00,1501.65,419,35.00,37.00,2500,39.10,20.00,
2024-07-19T12:06:03,1206.69,419,35.00,37.00,2500,39.20,20.00,
2024-07-19T12:06:06,1117.32,419,35.00,37.00,2500,39.10,20.00,
2024-07-19T12:06:09,479.51,418,35.00,37.00,2500,39.10,20.00,
2024-07-19T12:06:12,878.23,419,35.00,37.00,2500,39.10,20.00,
2024-07-19T12:06:16,1204.53,418,35.00,37.00,2500,39.10,20.00,
2024-07-19T12:06:19,1534.06,417,35.00,37.00,2500,39.10,20.00,
2024-07-19T12:06:22,1135.73,416,35.00,37.00,2500,39.10,20.00,
2024-07-19T12:06:25,1062.19,414,35.00,37.00,2500,39.10,20.00,
2024-07-19T12:06:28,640.83,411,35.00,37.00,2500,39.20,20.00,
2024-07-19T12:06:31,433.75,409,35.00,37.00,2500,39.20,20.00,
2024-07-19T12:06:34,703.31,407,35.00,37.00,2500,39.20,20.00,
2024-07-19T12:06:37,619.98,406,35.00,37.00,2500,39.20,20.00,
2024-07-19T12:06:40,666.65,405,35.00,37.00,2500,39.20,20.00,
2024-07-19T12:06:43,688.59,404,35.00,37.00,2500,39.20,20.00,
2024-07-19T12:06:46,978.81,404,35.00,37.00,2500,39.20,20.00,
2024-07-19T12:06:50,1414.00,405,35.00,37.00,2500,39.30,20.00,
2024-07-19T12:06:53,1455.43,406,35.00,37.00,2500,39.30,20.00,
2024-07-19T12:06:56,1055.46,407,35.00,37.00,2500,39.30,20.00,
2024-07-19T12:06:59,754.85,407,35.00,37.00,2500,39.30,20.00,
2024-07-19T12:07:02,576.12,409,35.00,37.00,2500,39.30,20.00,
2024-07-19T12:07:05,960.30,410,35.00,37.00,2500,39.30,20.00,
2024-07-19T12:07:08,1180.67,411,35.00,37.00,2500,39.30,20.00,
2024-07-19T12:07:11,1298.24,412,35.10,37.00,2500,39.30,20.00,
2024-07-19T12:07:14,628.94,413,35.10,37.00,2500,39.30,20.00,
2024-07-19T12:07:17,1235.92,413,35.10,37.00,2500,39.30,20.00,
2024-07-19T12:07:20,419.64,413,35.10,37.00,2500,39.40,20.00,
2024-07-19T12:07:23,1509.49,413,35.10,37.00,2500,39.40,20.00,
2024-07-19T12:07:27,578.66,412,35.10,37.00,2500,39.30,20.00,
2024-07-19T12:07:30,1663.53,411,35.10,37.00,2500,39.40,20.00,
2024-07-19T12:07:33,492.41,411,35.10,37.00,2500,39.20,20.00,
2024-07-19T12:07:36,1095.18,412,35.10,37.00,2500,39.20,20.00,
2024-07-19T12:07:39,884.47,412,35.10,37.00,2500,39.20,20.00,
2024-07-19T12:07:42,1190.47,414,35.10,37.00,2500,39.50,20.00,
2024-07-19T12:07:45,694.56,417,35.10,37.00,2500,39.20,20.00,
2024-07-19T12:07:48,1385.60,418,35.10,37.00,2500,39.50,20.00,
2024-07-19T12:07:51,989.46,419,35.10,37.00,2500,39.40,20.00,
2024-07-19T12:07:54,790.52,420,35.10,36.00,2500,39.50,20.00,
2024-07-19T12:07:57,965.82,421,35.10,36.00,2500,39.20,20.00,
2024-07-19T12:08:00,596.13,419,35.10,36.00,2500,39.30,20.00,
2024-07-19T12:08:04,1482.53,417,35.10,36.00,2500,39.30,20.00,
2024-07-19T12:08:07,718.85,414,35.10,36.00,2500,39.30,20.00,
2024-07-19T12:08:10,920.10,412,35.20,36.00,2500,39.50,20.00,
2024-07-19T12:08:13,727.53,410,35.20,36.00,2500,39.50,19.00,
2024-07-19T12:08:16,653.67,409,35.20,36.00,2500,39.60,20.00,
2024-07-19T12:08:19,1206.49,409,35.10,36.00,2500,39.50,19.00,
2024-07-19T12:08:22,574.05,408,35.10,36.00,2500,39.50,20.00,
2024-07-19T12:08:25,927.63,410,35.10,36.00,2500,39.50,20.00,
2024-07-19T12:08:28,1477.44,411,35.10,36.00,2500,39.50,20.00,
2024-07-19T12:08:31,412.27,413,35.10,36.00,2500,39.60,20.00,
2024-07-19T12:08:34,1395.67,414,35.20,36.00,2500,39.50,19.00,
2024-07-19T12:08:38,591.64,414,35.20,36.00,2500,39.60,19.00,
2024-07-19T12:08:41,1326.70,415,35.20,36.00,2500,39.60,19.00,
2024-07-19T12:08:44,1192.76,415,35.20,36.00,2500,39.50,19.00,
2024-07-19T12:08:47,667.17,415,35.20,36.00,2500,39.70,19.00,
2024-07-19T12:08:50,1617.03,415,35.30,36.00,2500,39.60,19.00,
2024-07-19T12:08:53,993.31,415,35.30,36.00,2500,39.60,19.00,
2024-07-19T12:08:56,699.69,416,35.30,36.00,2500,39.60,19.00,
2024-07-19T12:08:59,1413.12,416,35.30,36.00,2500,39.70,19.00,
2024-07-19T12:09:02,604.06,417,35.30,36.00,2500,39.70,19.00,
2024-07-19T12:09:05,1528.17,417,35.20,36.00,2500,39.70,19.00,
2024-07-19T12:09:08,631.38,417,35.20,36.00,2500,39.60,19.00,
2024-07-19T12:09:11,952.14,416,35.20,36.00,2500,39.60,19.00,
2024-07-19T12:09:15,1277.23,415,35.20,36.00,2500,39.70,19.00,
2024-07-19T12:09:18,749.61,415,35.20,36.00,2500,39.60,19.00,
2024-07-19T12:09:21,1152.80,415,35.20,36.00,2500,39.60,19.00,
2024-07-19T12:09:24,642.68,417,35.20,36.00,2500,39.60,19.00,
2024-07-19T12:09:27,1266.60,419,35.30,36.00,2500,39.70,19.00,
2024-07-19T12:09:30,832.28,420,35.30,36.00,2500,39.80,19.00,
2024-07-19T12:09:33,489.50,422,35.30,36.00,2500,39.80,19.00,
2024-07-19T12:09:36,1578.47,423,35.30,36.00,2500,39.70,19.00,
2024-07-19T12:09:39,1000.17,423,35.30,36.00,2500,39.80,19.00,
2024-07-19T12:09:42,1439.39,421,35.30,36.00,2500,39.80,19.00,
2024-07-19T12:09:45,670.85,419,35.30,36.00,2500,39.70,19.00,
2024-07-19T12:09:48,1412.46,417,35.30,36.00,2500,39.80,19.00,
2024-07-19T12:09:52,529.09,415,35.30,36.00,2500,39.80,19.00,
2024-07-19T12:09:55,1376.73,414,35.40,36.00,2500,39.80,19.00,
2024-07-19T12:09:58,523.43,414,35.40,36.00,2500,39.80,19.00,
2024-07-19T12:10:01,1351.84,415,35.40,36.00,2500,39.70,19.00,
2024-07-19T12:10:04,568.80,417,35.40,36.00,2500,39.80,19.00,
2024-07-19T12:10:07,1329.33,419,35.40,36.00,2500,40.60,19.00,
2024-07-19T12:10:10,790.38,422,35.40,36.00,2500,40.00,19.00,
2024-07-19T12:10:13,1305.02,423,35.40,36.00,2500,39.90,19.00,
2024-07-19T12:10:16,627.52,425,35.40,36.00,2500,39.80,19.00,
2024-07-19T12:10:19,1503.16,425,35.40,36.00,2500,39.70,19.00,
2024-07-19T12:10:22,860.41,425,35.50,36.00,2500,39.70,19.00,
2024-07-19T12:10:25,660.27,424,35.50,36.00,2500,39.80,19.00,
2024-07-19T12:10:29,1378.82,422,35.50,36.00,2500,39.90,19.00,
