2024-07-12T10:49:30,1305.62,915,32.10,26.00,2032,32.10,27.00,
2024-07-12T10:49:33,328.69,935,32.10,26.00,2017,32.00,27.00,
2024-07-12T10:49:36,441.60,958,32.10,26.00,1999,32.10,27.00,
2024-07-12T10:49:39,701.92,982,32.00,26.00,1979,32.10,26.00,
2024-07-12T10:49:42,1005.39,1008,32.00,26.00,1961,32.00,26.00,
2024-07-12T10:49:45,558.34,1035,32.00,26.00,1945,32.10,26.00,
2024-07-12T10:49:48,911.72,1063,31.90,26.00,1930,32.00,26.00,
2024-07-12T10:49:51,870.82,1087,31.90,26.00,1913,31.90,26.00,
2024-07-12T10:49:55,459.88,1111,31.90,26.00,1896,32.00,25.00,
2024-07-12T10:49:58,1076.51,1130,31.90,27.00,1874,32.00,25.00,
2024-07-12T10:50:01,655.23,1146,31.90,27.00,1828,31.90,25.00,
2024-07-12T10:50:04,482.84,1164,31.90,27.00,1801,31.90,25.00,
2024-07-12T10:50:07,864.60,1165,31.80,27.00,1770,31.90,25.00,
2024-07-12T10:50:10,1168.41,1162,31.80,27.00,1738,32.00,24.00,
2024-07-12T10:50:13,1049.81,1158,31.80,27.00,1709,31.90,24.00,
2024-07-12T10:50:16,360.57,1151,31.70,27.00,1679,31.80,24.00,
2024-07-12T10:50:19,822.71,1143,31.70,27.00,1651,31.90,24.00,
2024-07-12T10:50:22,1347.79,1134,31.60,27.00,1622,31.80,23.00,
2024-07-12T10:50:25,512.34,1124,31.60,27.00,1597,31.90,23.00,
2024-07-12T10:50:28,1101.87,1114,31.60,28.00,1574,31.80,23.00,
2024-07-12T10:50:31,760.03,1103,31.60,28.00,1553,31.80,23.00,
2024-07-12T10:50:35,458.31,1091,31.60,28.00,1531,31.80,23.00,
2024-07-12T10:50:38,1154.32,1078,31.60,28.00,1510,31.80,22.00,
2024-07-12T10:50:41,293.03,1067,31.60,28.00,1490,31.80,22.00,
2024-07-12T10:50:44,1147.68,1056,31.50,28.00,1469,31.80,22.00,
2024-07-12T10:50:47,325.93,1046,31.50,28.00,1450,31.80,22.00,
2024-07-12T10:50:50,1326.97,1035,31.50,28.00,1430,31.70,22.00,
2024-07-12T10:50:53,502.70,1026,31.50,28.00,1410,31.70,22.00,
2024-07-12T10:50:56,580.09,1017,31.50,29.00,1391,31.60,21.00,
2024-07-12T10:50:59,1067.85,1007,31.40,29.00,1372,31.60,21.00,
2024-07-12T10:51:02,344.16,998,31.40,29.00,1356,31.50,21.00,
2024-07-12T10:51:05,1223.05,987,31.40,30.00,1340,31.50,21.00,
2024-07-12T10:51:08,678.76,976,31.40,30.00,1326,31.50,21.00,
2024-07-12T10:51:12,519.63,965,31.30,30.00,1313,31.40,21.00,
2024-07-12T10:51:15,715.75,955,31.30,30.00,1301,31.40,21.00,
2024-07-12T10:51:18,509.07,946,31.20,30.00,1291,31.30,21.00,
2024-07-12T10:51:21,934.66,938,31.20,30.00,1279,31.40,21.00,
2024-07-12T10:51:24,1140.82,931,31.20,30.00,1269,31.40,21.00,
2024-07-12T10:51:27,413.99,924,31.20,30.00,1258,31.50,21.00,
2024-07-12T10:51:30,1222.69,916,31.10,30.00,1247,31.30,21.00,
2024-07-12T10:51:33,839.45,910,31.10,30.00,1237,31.50,21.00,
2024-07-12T10:51:36,696.62,902,31.10,30.00,1227,31.30,21.00,
2024-07-12T10:51:39,238.02,895,31.10,30.00,1217,31.40,20.00,
2024-07-12T10:51:42,656.77,886,31.00,31.00,1208,31.30,21.00,
2024-07-12T10:51:45,1230.26,877,31.00,31.00,1200,31.30,21.00,
2024-07-12T10:51:49,1057.59,869,31.00,31.00,1192,31.30,21.00,
2024-07-12T10:51:52,620.55,860,31.00,31.00,1185,31.30,20.00,
2024-07-12T10:51:55,762.97,850,31.00,31.00,1179,31.30,20.00,
2024-07-12T10:51:58,909.60,838,31.00,31.00,1172,31.30,20.00,
2024-07-12T10:52:01,410.26,826,31.00,31.00,1166,31.30,20.00,
2024-07-12T10:52:04,545.77,814,30.90,31.00,1159,31.30,20.00,
2024-07-12T10:52:07,571.32,801,30.90,31.00,1151,31.20,20.00,
2024-07-12T10:52:10,911.15,788,30.80,32.00,1143,31.30,20.00,
2024-07-12T10:52:13,1407.82,776,30.80,32.00,1135,31.10,20.00,
2024-07-12T10:52:16,1117.91,766,30.80,32.00,1126,31.10,20.00,
2024-07-12T10:52:19,1437.82,751,30.80,32.00,1112,31.00,20.00,
2024-07-12T10:52:22,926.28,746,30.80,32.00,1106,31.10,20.00,
2024-07-12T10:52:26,1102.50,744,30.80,32.00,1103,31.00,20.00,
2024-07-12T10:52:29,1130.04,742,30.70,33.00,1102,31.10,21.00,
2024-07-12T10:52:32,1160.44,741,30.70,33.00,1103,31.00,20.00,
2024-07-12T10:52:35,956.42,742,30.70,33.00,1105,31.00,20.00,
2024-07-12T10:52:38,833.09,744,30.70,33.00,1108,31.00,20.00,
2024-07-12T10:52:41,717.78,746,30.70,33.00,1112,31.00,20.00,
2024-07-12T10:52:44,563.11,749,30.70,33.00,1116,30.90,19.00,
2024-07-12T10:52:47,1107.11,751,30.70,33.00,1121,31.00,20.00,
2024-07-12T10:52:50,520.99,754,30.70,33.00,1123,30.90,19.00,
2024-07-12T10:52:53,521.84,755,30.60,33.00,1123,30.80,20.00,
2024-07-12T10:52:56,671.29,755,30.60,33.00,1123,30.90,20.00,
2024-07-12T10:52:59,1430.47,753,30.60,33.00,1121,30.90,20.00,
2024-07-12T10:53:02,361.20,749,30.60,34.00,1117,30.90,20.00,
2024-07-12T10:53:06,1062.65,745,30.60,34.00,1113,30.80,20.00,
2024-07-12T10:53:09,687.97,738,30.50,34.00,1109,30.90,20.00,
2024-07-12T10:53:12,871.58,732,30.50,34.00,1105,30.90,20.00,
2024-07-12T10:53:15,807.82,726,30.50,34.00,1103,30.80,20.00,
2024-07-12T10:53:18,281.45,721,30.50,34.00,1101,30.80,20.00,
2024-07-12T10:53:21,917.75,716,30.50,34.00,1099,30.80,19.00,
2024-07-12T10:53:24,409.98,714,30.40,34.00,1099,30.80,19.00,
2024-07-12T10:53:27,1248.02,713,30.40,35.00,1100,30.80,19.00,
2024-07-12T10:53:30,443.91,712,30.40,35.00,1099,30.80,19.00,
2024-07-12T10:53:33,1500.47,712,30.40,35.00,1099,30.80,19.00,
2024-07-12T10:53:36,331.18,711,30.40,35.00,1099,30.80,19.00,
2024-07-12T10:53:39,1093.97,709,30.40,35.00,1101,30.70,20.00,
2024-07-12T10:53:43,289.85,706,30.30,35.00,1103,31.40,21.00,
2024-07-12T10:53:46,1191.48,704,30.30,35.00,1106,30.80,20.00,
2024-07-12T10:53:49,550.37,700,30.30,35.00,1111,30.80,20.00,
2024-07-12T10:53:52,1170.37,696,30.30,35.00,1116,30.70,20.00,
2024-07-12T10:53:55,736.75,692,30.30,35.00,1124,30.80,20.00,
2024-07-12T10:53:58,623.40,690,30.30,35.00,1131,30.70,20.00,
2024-07-12T10:54:01,1021.50,687,30.20,35.00,1137,30.80,20.00,
2024-07-12T10:54:04,825.86,686,30.30,35.00,1141,30.70,21.00,
2024-07-12T10:54:07,493.07,686,30.20,35.00,1147,30.60,20.00,
2024-07-12T10:54:10,1026.70,686,30.20,35.00,1151,30.70,20.00,
2024-07-12T10:54:13,260.87,687,30.20,35.00,1155,30.60,20.00,
2024-07-12T10:54:16,824.78,689,30.20,35.00,1158,30.70,20.00,
2024-07-12T10:54:20,382.52,691,30.20,35.00,1159,30.70,20.00,
2024-07-12T10:54:23,1239.85,692,30.20,36.00,1160,30.70,20.00,
2024-07-12T10:54:26,682.34,693,30.20,36.00,1159,30.50,20.00,
2024-07-12T10:54:29,409.25,694,30.20,36.00,1156,30.60,20.00,
2024-07-12T10:54:32,783.13,694,30.20,36.00,1150,30.60,20.00,
2024-07-12T10:54:35,531.19,694,30.20,36.00,1144,30.60,20.00,
2024-07-12T10:54:38,593.29,692,30.10,36.00,1131,30.60,20.00,
2024-07-12T10:54:41,561.04,690,30.10,36.00,1126,30.70,19.00,
2024-07-12T10:54:44,487.02,689,30.10,36.00,1120,30.50,19.00,
2024-07-12T10:54:47,467.79,687,30.10,36.00,1117,30.60,19.00,
2024-07-12T10:54:50,682.35,684,30.10,36.00,1115,30.60,19.00,
2024-07-12T10:54:53,1017.11,682,30.10,36.00,1114,30.60,19.00,
2024-07-12T10:54:56,1441.50,681,30.00,36.00,1112,30.60,19.00,
2024-07-12T10:55:00,1216.18,680,30.00,36.00,1111,30.60,19.00,
2024-07-12T10:55:03,1115.16,679,30.00,36.00,1111,30.50,19.00,
2024-07-12T10:55:06,1065.53,678,30.00,36.00,1109,30.50,19.00,
2024-07-12T10:55:09,1149.29,677,30.00,36.00,1108,30.50,19.00,
2024-07-12T10:55:12,1111.74,676,30.00,36.00,1107,30.50,19.00,
2024-07-12T10:55:15,1014.88,674,30.00,36.00,1106,30.50,19.00,
2024-07-12T10:55:18,453.41,671,30.00,36.00,1106,30.50,19.00,
2024-07-12T10:55:21,369.05,667,29.90,36.00,1105,30.50,19.00,
2024-07-12T10:55:24,714.07,665,29.90,36.00,1105,30.50,19.00,
2024-07-12T10:55:27,473.47,662,29.90,36.00,1104,30.40,19.00,
2024-07-12T10:55:30,591.31,661,29.90,36.00,1103,30.50,19.00,
2024-07-12T10:55:33,485.13,660,29.90,36.00,1101,30.50,19.00,
2024-07-12T10:55:37,1044.51,660,29.90,36.00,1099,30.50,19.00,
2024-07-12T10:55:40,1013.82,661,29.90,36.00,1099,30.50,19.00,
2024-07-12T10:55:43,1066.14,661,29.80,36.00,1099,30.50,19.00,
2024-07-12T10:55:46,512.71,661,29.80,36.00,1100,30.50,19.00,
2024-07-12T10:55:49,548.84,660,29.80,36.00,1102,30.50,19.00,
2024-07-12T10:55:52,730.32,658,29.80,36.00,1105,30.40,19.00,
2024-07-12T10:55:55,1455.96,656,29.80,36.00,1108,30.50,19.00,
2024-07-12T10:55:58,984.96,654,29.80,36.00,1111,30.30,19.00,
2024-07-12T10:56:01,359.33,654,29.80,36.00,1113,30.50,20.00,
2024-07-12T10:56:04,424.29,654,29.80,36.00,1114,30.50,20.00,
2024-07-12T10:56:07,885.33,655,29.80,37.00,1113,30.40,20.00,
2024-07-12T10:56:10,761.96,658,29.80,37.00,1112,30.50,20.00,
2024-07-12T10:56:14,587.09,660,29.80,37.00,1111,30.40,20.00,
2024-07-12T10:56:17,1156.38,663,29.80,37.00,1111,30.40,20.00,
2024-07-12T10:56:20,1021.40,663,29.80,37.00,1112,30.40,20.00,
2024-07-12T10:56:23,430.72,663,29.80,37.00,1114,30.50,20.00,
2024-07-12T10:56:26,426.68,660,29.80,37.00,1118,30.50,20.00,
2024-07-12T10:56:29,894.69,657,29.80,37.00,1122,30.50,20.00,
2024-07-12T10:56:32,1244.96,654,29.80,37.00,1126,30.40,20.00,
2024-07-12T10:56:35,873.39,648,29.80,37.00,1130,30.50,20.00,
2024-07-12T10:56:38,325.86,643,29.80,37.00,1133,30.50,20.00,
2024-07-12T10:56:41,1271.27,638,29.80,37.00,1134,30.50,20.00,
2024-07-12T10:56:44,721.36,634,29.80,37.00,1135,30.50,20.00,
2024-07-12T10:56:47,420.09,631,29.80,37.00,1135,30.50,20.00,
2024-07-12T10:56:50,764.61,628,29.80,37.00,1135,30.50,20.00,
2024-07-12T10:56:54,1137.19,627,29.70,37.00,1134,30.40,20.00,
2024-07-12T10:56:57,632.16,624,29.70,37.00,1134,30.50,20.00,
2024-07-12T10:57:00,436.86,625,29.70,37.00,1133,30.40,20.00,
2024-07-12T10:57:03,1266.24,625,29.70,37.00,1131,30.30,21.00,
2024-07-12T10:57:06,567.23,625,29.70,37.00,1128,30.40,21.00,
2024-07-12T10:57:09,841.31,625,29.70,37.00,1124,30.40,20.00,
2024-07-12T10:57:12,725.36,625,29.70,37.00,1121,30.40,21.00,
2024-07-12T10:57:15,489.34,626,29.70,37.00,1116,30.40,21.00,
2024-07-12T10:57:18,919.64,626,29.70,37.00,1112,30.40,21.00,
2024-07-12T10:57:21,1109.63,625,29.70,37.00,1107,30.40,20.00,
2024-07-12T10:57:24,442.07,623,29.70,37.00,1104,30.50,21.00,
2024-07-12T10:57:27,796.76,621,29.70,37.00,1101,30.40,20.00,
2024-07-12T10:57:31,887.18,618,29.70,37.00,1100,30.50,20.00,
2024-07-12T10:57:34,380.25,614,29.70,37.00,1099,30.50,20.00,
2024-07-12T10:57:37,1070.56,612,29.70,37.00,1098,30.40,21.00,
2024-07-12T10:57:40,483.67,610,29.70,37.00,1098,30.30,20.00,
2024-07-12T10:57:43,408.10,610,29.70,37.00,1099,30.40,20.00,
2024-07-12T10:57:46,822.72,611,29.70,37.00,1099,30.40,21.00,
2024-07-12T10:57:49,896.41,614,29.70,37.00,1098,30.50,20.00,
2024-07-12T10:57:52,854.33,617,29.60,37.00,1098,30.40,20.00,
2024-07-12T10:57:55,1024.24,620,29.60,37.00,1099,30.40,20.00,
2024-07-12T10:57:58,523.75,624,29.60,37.00,1100,30.30,20.00,
2024-07-12T10:58:01,1244.00,626,29.60,37.00,1101,30.30,20.00,
2024-07-12T10:58:04,432.88,627,29.60,37.00,1103,30.50,20.00,
2024-07-12T10:58:08,1010.63,628,29.60,37.00,1105,30.30,20.00,
2024-07-12T10:58:11,732.35,629,29.60,37.00,1108,30.40,20.00,
2024-07-12T10:58:14,425.44,630,29.60,37.00,1111,30.40,20.00,
2024-07-12T10:58:17,1224.51,631,29.60,37.00,1113,30.40,20.00,
2024-07-12T10:58:20,648.84,633,29.60,37.00,1114,30.40,20.00,
2024-07-12T10:58:23,388.24,636,29.60,37.00,1115,30.40,20.00,
2024-07-12T10:58:26,1181.39,638,29.60,37.00,1116,30.50,20.00,
2024-07-12T10:58:29,751.40,640,29.50,37.00,1116,30.40,20.00,
2024-07-12T10:58:32,414.58,641,29.50,37.00,1117,30.40,20.00,
2024-07-12T10:58:35,1189.26,643,29.50,37.00,1118,30.40,20.00,
2024-07-12T10:58:38,930.92,644,29.50,37.00,1119,30.40,20.00,
2024-07-12T10:58:41,528.38,645,29.50,37.00,1122,30.50,20.00,
2024-07-12T10:58:44,1238.67,645,29.50,37.00,1124,30.30,20.00,
2024-07-12T10:58:48,1003.34,645,29.50,37.00,1124,30.30,19.00,
2024-07-12T10:58:51,471.01,644,29.60,37.00,1123,30.40,19.00,
2024-07-12T10:58:54,353.76,642,29.60,37.00,1121,30.40,19.00,
2024-07-12T10:58:57,1047.70,639,29.60,37.00,1118,30.50,19.00,
2024-07-12T10:59:00,1052.24,636,29.60,37.00,1114,30.50,19.00,
2024-07-12T10:59:03,1165.64,633,29.50,37.00,1108,30.40,19.00,
2024-07-12T10:59:06,705.02,628,29.60,37.00,1099,30.40,19.00,
2024-07-12T10:59:09,469.46,624,29.50,37.00,1091,30.40,19.00,
2024-07-12T10:59:12,758.53,620,29.50,37.00,1085,30.50,19.00,
2024-07-12T10:59:15,721.11,615,29.50,38.00,1075,30.40,19.00,
2024-07-12T10:59:18,1222.57,613,29.50,38.00,1072,30.40,19.00,
2024-07-12T10:59:21,869.59,611,29.40,38.00,1072,30.40,19.00,
2024-07-12T10:59:25,502.64,608,29.40,38.00,1075,30.50,19.00,
2024-07-12T10:59:28,475.73,608,29.40,38.00,1078,30.50,19.00,
2024-07-12T10:59:31,469.87,608,29.40,38.00,1081,30.50,19.00,
2024-07-12T10:59:34,477.53,609,29.40,38.00,1084,30.30,19.00,
2024-07-12T10:59:37,655.40,609,29.40,38.00,1088,30.50,19.00,
2024-07-12T10:59:40,467.63,609,29.40,38.00,1092,30.50,19.00,
2024-07-12T10:59:43,752.41,610,29.40,38.00,1092,30.50,19.00,
2024-07-12T10:59:46,1243.48,610,29.40,38.00,1092,30.50,19.00,
2024-07-12T10:59:49,1349.07,607,29.40,38.00,1089,30.50,19.00,
2024-07-12T10:59:52,659.81,603,29.40,38.00,1086,30.50,19.00,
2024-07-12T10:59:55,526.65,601,29.40,38.00,1082,30.50,19.00,
2024-07-12T10:59:58,1000.39,597,29.40,38.00,1077,30.50,19.00,
2024-07-12T11:00:02,1004.10,595,29.40,38.00,1071,30.50,19.00,
2024-07-12T11:00:05,981.91,594,29.40,38.00,1065,30.50,19.00,
2024-07-12T11:00:08,1293.65,593,29.40,38.00,1059,30.50,19.00,
2024-07-12T11:00:11,1109.50,594,29.40,38.00,1054,30.50,19.00,
2024-07-12T11:00:14,1056.30,596,29.40,38.00,1050,30.50,19.00,
2024-07-12T11:00:17,738.32,598,29.40,38.00,1046,30.50,19.00,
2024-07-12T11:00:20,630.79,597,29.40,38.00,1043,30.50,19.00,
2024-07-12T11:00:23,747.72,598,29.40,38.00,1042,30.50,19.00,
2024-07-12T11:00:26,839.18,596,29.40,38.00,1042,30.50,19.00,
2024-07-12T11:00:29,1050.73,594,29.40,38.00,1042,30.50,19.00,
2024-07-12T11:00:32,952.78,593,29.40,38.00,1042,30.50,19.00,
2024-07-12T11:00:35,1438.44,594,29.40,38.00,1043,30.40,19.00,
2024-07-12T11:00:39,1332.17,596,29.40,38.00,1045,31.00,20.00,
2024-07-12T11:00:42,1212.88,600,29.40,38.00,1046,30.50,19.00,
2024-07-12T11:00:45,900.62,607,29.30,38.00,1049,30.40,19.00,
2024-07-12T11:00:48,1246.37,614,29.30,38.00,1051,30.50,19.00,
2024-07-12T11:00:51,358.49,622,29.30,38.00,1052,30.50,19.00,
2024-07-12T11:00:54,866.27,628,29.30,38.00,1056,30.50,19.00,
2024-07-12T11:00:57,777.14,634,29.30,38.00,1059,30.50,19.00,
2024-07-12T11:01:00,562.42,640,29.30,38.00,1064,30.50,19.00,
2024-07-12T11:01:03,831.33,645,29.30,38.00,1069,30.50,19.00,
2024-07-12T11:01:06,1106.01,650,29.30,38.00,1074,30.50,19.00,
2024-07-12T11:01:09,1400.49,653,29.30,38.00,1080,30.40,19.00,
2024-07-12T11:01:12,1251.08,657,29.30,38.00,1085,30.50,19.00,
2024-07-12T11:01:15,1606.18,661,29.30,38.00,1090,30.50,19.00,
2024-07-12T11:01:19,564.66,665,29.30,38.00,1093,30.40,19.00,
2024-07-12T11:01:22,599.92,670,29.30,38.00,1096,30.40,19.00,
2024-07-12T11:01:25,637.18,673,29.30,38.00,1097,30.60,19.00,
2024-07-12T11:01:28,499.75,675,29.30,38.00,1096,30.50,19.00,
2024-07-12T11:01:31,1179.22,678,29.30,38.00,1092,30.50,19.00,
2024-07-12T11:01:34,694.88,681,29.20,38.00,1089,30.50,19.00,
2024-07-12T11:01:37,902.87,681,29.30,38.00,1086,30.40,19.00,
2024-07-12T11:01:40,359.82,681,29.30,38.00,1083,30.50,19.00,
2024-07-12T11:01:43,909.37,681,29.20,38.00,1082,30.50,19.00,
2024-07-12T11:01:46,1156.92,681,29.30,38.00,1080,30.50,19.00,
2024-07-12T11:01:49,902.87,679,29.20,38.00,1079,30.40,19.00,
2024-07-12T11:01:52,375.55,677,29.20,38.00,1078,30.40,19.00,
2024-07-12T11:01:56,1221.93,675,29.20,38.00,1078,30.50,19.00,
2024-07-12T11:01:59,631.06,674,29.20,38.00,1079,30.40,19.00,
2024-07-12T11:02:02,464.41,673,29.20,38.00,1080,30.50,19.00,
2024-07-12T11:02:05,1020.98,672,29.20,38.00,1082,30.50,19.00,
2024-07-12T11:02:08,965.09,670,29.20,38.00,1082,30.40,19.00,
2024-07-12T11:02:11,882.79,669,29.20,38.00,1084,30.50,19.00,
2024-07-12T11:02:14,537.55,669,29.20,38.00,1085,30.50,19.00,
2024-07-12T11:02:17,1090.57,668,29.20,38.00,1084,30.40,19.00,
2024-07-12T11:02:20,521.72,667,29.20,38.00,1084,30.40,19.00,
2024-07-12T11:02:23,658.77,667,29.20,38.00,1082,30.40,19.00,
2024-07-12T11:02:26,837.29,666,29.20,38.00,1082,30.50,19.00,
2024-07-12T11:02:29,759.78,666,29.20,38.00,1080,30.40,19.00,
2024-07-12T11:02:33,835.14,664,29.20,38.00,1079,30.50,19.00,
2024-07-12T11:02:36,1273.85,663,29.20,38.00,1078,30.40,19.00,
2024-07-12T11:02:39,856.29,663,29.20,38.00,1077,30.40,19.00,
2024-07-12T11:02:42,440.80,664,29.20,38.00,1078,30.40,19.00,
2024-07-12T11:02:45,1164.26,665,29.20,38.00,1077,30.50,19.00,
2024-07-12T11:02:48,473.54,665,29.20,38.00,1077,29.60,19.00,
2024-07-12T11:02:51,1184.41,666,29.20,38.00,1077,30.30,19.00,
2024-07-12T11:02:54,476.32,668,29.20,38.00,1077,30.30,19.00,
2024-07-12T11:02:57,1028.47,668,29.20,38.00,1078,30.50,19.00,
2024-07-12T11:03:00,760.52,667,29.20,38.00,1078,30.40,19.00,
2024-07-12T11:03:03,659.29,666,29.20,38.00,1078,30.50,19.00,
2024-07-12T11:03:06,1145.96,664,29.20,38.00,1079,30.50,19.00,
2024-07-12T11:03:09,427.96,662,29.20,38.00,1080,30.40,19.00,
2024-07-12T11:03:13,1191.53,659,29.20,38.00,1080,30.40,19.00,
2024-07-12T11:03:16,673.60,657,29.20,38.00,1080,30.50,20.00,
2024-07-12T11:03:19,737.33,654,29.20,38.00,1080,30.40,19.00,
2024-07-12T11:03:22,1055.69,652,29.20,38.00,1079,30.50,19.00,
2024-07-12T11:03:25,259.35,651,29.20,38.00,1078,30.50,19.00,
2024-07-12T11:03:28,809.02,652,29.20,38.00,1078,30.40,19.00,
2024-07-12T11:03:31,976.66,653,29.20,38.00,1078,30.30,19.00,
2024-07-12T11:03:34,521.16,656,29.20,38.00,1078,30.40,19.00,
2024-07-12T11:03:37,895.81,659,29.20,38.00,1079,30.50,19.00,
2024-07-12T11:03:40,1088.47,664,29.30,38.00,1080,30.40,19.00,
2024-07-12T11:03:43,449.98,669,29.30,38.00,1082,30.40,19.00,
2024-07-12T11:03:46,648.32,675,29.30,38.00,1083,30.50,19.00,
2024-07-12T11:03:50,704.53,684,29.30,38.00,1086,30.50,19.00,
2024-07-12T11:03:53,1335.44,686,29.30,38.00,1085,30.50,19.00,
2024-07-12T11:03:56,591.25,689,29.30,38.00,1084,30.50,19.00,
2024-07-12T11:03:59,468.55,689,29.30,38.00,1081,30.40,19.00,
2024-07-12T11:04:02,1291.21,686,29.30,38.00,1079,30.40,19.00,
2024-07-12T11:04:05,341.54,682,29.40,38.00,1076,30.50,19.00,
2024-07-12T11:04:08,1283.88,678,29.40,38.00,1074,30.50,19.00,
2024-07-12T11:04:11,520.98,674,29.40,38.00,1072,30.40,19.00,
2024-07-12T11:04:14,1243.32,668,29.40,38.00,1069,30.40,19.00,
2024-07-12T11:04:17,684.39,662,29.40,38.00,1067,30.50,19.00,
2024-07-12T11:04:20,708.80,656,29.40,38.00,1064,30.50,19.00,
2024-07-12T11:04:23,1430.87,652,29.40,38.00,1060,30.50,19.00,
2024-07-12T11:04:27,670.99,650,29.40,38.00,1057,30.40,19.00,
2024-07-12T11:04:30,1076.72,649,29.40,38.00,1055,30.50,19.00,
2024-07-12T11:04:33,777.80,649,29.40,38.00,1054,30.50,19.00,
2024-07-12T11:04:36,843.23,650,29.40,38.00,1053,30.50,19.00,
2024-07-12T11:04:39,1329.40,652,29.40,38.00,1052,30.50,19.00,
2024-07-12T11:04:42,971.65,655,29.40,38.00,1053,30.50,19.00,
2024-07-12T11:04:45,775.19,657,29.50,38.00,1054,30.50,19.00,
2024-07-12T11:04:48,917.70,658,29.50,38.00,1054,30.50,19.00,
2024-07-12T11:04:51,635.03,657,29.50,38.00,1053,30.50,19.00,
2024-07-12T11:04:54,947.70,656,29.50,38.00,1052,30.50,19.00,
2024-07-12T11:04:57,1093.08,654,29.50,38.00,1051,30.50,19.00,
2024-07-12T11:05:00,975.73,650,29.50,38.00,1048,30.50,19.00,
2024-07-12T11:05:03,998.61,646,29.50,38.00,1046,30.50,19.00,
2024-07-12T11:05:07,712.33,641,29.60,37.00,1043,30.50,19.00,
2024-07-12T11:05:10,457.18,638,29.60,37.00,1043,30.50,19.00,
2024-07-12T11:05:13,659.54,635,29.60,37.00,1043,30.40,19.00,
2024-07-12T11:05:16,523.15,632,29.60,37.00,1046,30.50,19.00,
2024-07-12T11:05:19,388.25,630,29.60,37.00,1050,30.50,19.00,
2024-07-12T11:05:22,715.60,628,29.60,37.00,1055,30.50,19.00,
2024-07-12T11:05:25,695.14,626,29.60,37.00,1061,30.50,19.00,
2024-07-12T11:05:28,419.12,625,29.60,37.00,1068,30.50,19.00,
2024-07-12T11:05:31,486.15,624,29.70,37.00,1075,30.50,19.00,
2024-07-12T11:05:34,196.93,623,29.70,37.00,1081,30.60,20.00,
2024-07-12T11:05:37,554.65,623,29.70,37.00,1085,30.40,19.00,
2024-07-12T11:05:40,498.83,623,29.70,37.00,1088,30.60,19.00,
2024-07-12T11:05:44,577.86,623,29.70,37.00,1089,30.50,19.00,
2024-07-12T11:05:47,515.58,623,29.80,37.00,1090,30.40,19.00,
2024-07-12T11:05:50,644.03,624,29.80,37.00,1088,30.50,19.00,
2024-07-12T11:05:53,707.83,626,29.70,37.00,1087,30.50,19.00,
2024-07-12T11:05:56,1040.86,626,29.70,37.00,1086,30.60,19.00,
2024-07-12T11:05:59,1053.56,627,29.70,37.00,1084,30.50,19.00,
2024-07-12T11:06:02,995.29,627,29.70,37.00,1083,30.50,19.00,
2024-07-12T11:06:05,1488.24,627,29.70,37.00,1082,30.50,19.00,
2024-07-12T11:06:08,758.55,626,29.70,37.00,1079,30.50,19.00,
2024-07-12T11:06:11,902.09,625,29.70,37.00,1079,30.50,19.00,
2024-07-12T11:06:14,317.40,623,29.70,37.00,1076,30.50,19.00,
2024-07-12T11:06:17,441.60,622,29.80,37.00,1073,30.50,18.00,
2024-07-12T11:06:21,468.04,621,29.80,37.00,1070,30.50,18.00,
2024-07-12T11:06:24,840.31,620,29.80,37.00,1067,30.60,18.00,
2024-07-12T11:06:27,1127.35,618,29.80,37.00,1065,30.60,18.00,
2024-07-12T11:06:30,1417.67,619,29.80,37.00,1062,30.50,18.00,
2024-07-12T11:06:33,1441.74,621,29.80,37.00,1062,30.60,18.00,
2024-07-12T11:06:36,1125.53,622,29.80,37.00,1062,30.50,18.00,
2024-07-12T11:06:39,1023.91,623,29.80,37.00,1064,30.50,18.00,
2024-07-12T11:06:42,930.11,625,29.80,37.00,1066,30.50,18.00,
2024-07-12T11:06:45,488.75,627,29.80,37.00,1068,30.60,18.00,
2024-07-12T11:06:48,1123.08,628,29.80,37.00,1071,30.60,18.00,
2024-07-12T11:06:51,1201.18,628,29.80,37.00,1073,30.60,18.00,
2024-07-12T11:06:54,709.85,631,29.80,37.00,1076,30.50,18.00,
2024-07-12T11:06:57,458.97,633,29.80,37.00,1078,30.60,18.00,
2024-07-12T11:07:01,943.97,634,29.70,37.00,1081,30.60,18.00,
2024-07-12T11:07:04,1261.68,635,29.70,37.00,1084,30.70,18.00,
2024-07-12T11:07:07,519.46,636,29.70,37.00,1089,30.60,18.00,
2024-07-12T11:07:10,406.59,637,29.70,37.00,1095,30.70,18.00,
2024-07-12T11:07:13,1069.60,636,29.70,37.00,1100,30.70,18.00,
2024-07-12T11:07:16,502.40,634,29.70,37.00,1106,30.60,18.00,
2024-07-12T11:07:19,731.89,630,29.70,37.00,1111,30.60,18.00,
2024-07-12T11:07:22,1135.04,624,29.70,37.00,1114,30.70,18.00,
2024-07-12T11:07:25,397.09,619,29.70,37.00,1113,30.70,18.00,
2024-07-12T11:07:28,946.67,614,29.70,37.00,1112,30.70,18.00,
2024-07-12T11:07:31,1075.17,609,29.70,37.00,1109,30.60,18.00,
2024-07-12T11:07:34,884.51,605,29.70,37.00,1105,30.70,18.00,
2024-07-12T11:07:38,992.73,604,29.70,37.00,1102,30.70,18.00,
2024-07-12T11:07:41,1145.78,604,29.70,37.00,1100,30.70,18.00,
2024-07-12T11:07:44,891.29,604,29.70,37.00,1099,30.70,18.00,
2024-07-12T11:07:47,481.50,606,29.70,37.00,1100,30.70,18.00,
2024-07-12T11:07:50,830.87,608,29.70,37.00,1103,30.60,18.00,
2024-07-12T11:07:53,990.88,609,29.70,37.00,1106,30.70,19.00,
2024-07-12T11:07:56,500.85,610,29.70,37.00,1107,30.70,19.00,
2024-07-12T11:07:59,994.01,610,29.70,37.00,1108,30.70,18.00,
2024-07-12T11:08:02,750.72,609,29.70,37.00,1107,30.70,18.00,
2024-07-12T11:08:05,1097.06,607,29.70,37.00,1103,30.70,18.00,
2024-07-12T11:08:08,737.85,603,29.70,37.00,1096,30.70,18.00,
2024-07-12T11:08:11,678.23,599,29.70,37.00,1088,30.70,18.00,
2024-07-12T11:08:15,1169.32,596,29.70,37.00,1079,30.70,18.00,
2024-07-12T11:08:18,399.74,592,29.60,37.00,1071,30.60,18.00,
2024-07-12T11:08:21,1521.62,589,29.60,37.00,1065,30.80,18.00,
2024-07-12T11:08:24,689.78,586,29.60,37.00,1060,30.80,18.00,
2024-07-12T11:08:27,1061.90,582,29.60,37.00,1058,30.70,18.00,
2024-07-12T11:08:30,967.10,582,29.60,37.00,1060,30.70,18.00,
2024-07-12T11:08:33,475.86,581,29.60,37.00,1064,30.60,18.00,
2024-07-12T11:08:36,1167.82,581,29.50,37.00,1068,30.80,18.00,
2024-07-12T11:08:39,428.29,582,29.50,37.00,1073,30.80,18.00,
2024-07-12T11:08:42,1286.18,582,29.50,37.00,1078,30.70,18.00,
2024-07-12T11:08:45,442.19,584,29.50,37.00,1082,30.70,18.00,
2024-07-12T11:08:48,786.31,587,29.50,37.00,1085,30.70,18.00,
2024-07-12T11:08:52,1415.11,589,29.50,37.00,1088,30.70,18.00,
2024-07-12T11:08:55,988.18,594,29.50,37.00,1091,30.70,18.00,
2024-07-12T11:08:58,703.53,598,29.50,37.00,1092,30.70,18.00,
2024-07-12T11:09:01,797.85,602,29.50,37.00,1093,30.80,18.00,
2024-07-12T11:09:04,1319.90,602,29.50,37.00,1091,30.70,18.00,
2024-07-12T11:09:07,1058.44,602,29.50,37.00,1088,30.70,18.00,
2024-07-12T11:09:10,525.32,600,29.50,37.00,1083,30.80,18.00,
2024-07-12T11:09:13,631.80,594,29.50,37.00,1077,30.70,18.00,
2024-07-12T11:09:16,1101.79,588,29.50,37.00,1071,30.70,18.00,
2024-07-12T11:09:19,1414.28,580,29.50,37.00,1063,30.80,18.00,
2024-07-12T11:09:22,753.76,574,29.50,37.00,1057,30.80,18.00,
2024-07-12T11:09:25,905.25,567,29.50,38.00,1052,30.80,18.00,
2024-07-12T11:09:28,1229.78,563,29.50,38.00,1048,30.80,18.00,
2024-07-12T11:09:32,749.98,560,29.50,38.00,1045,30.80,18.00,
2024-07-12T11:09:35,376.49,558,29.50,37.00,1043,30.80,18.00,
2024-07-12T11:09:38,535.47,557,29.50,37.00,1043,30.80,18.00,
2024-07-12T11:09:41,1342.85,555,29.50,37.00,1042,30.80,18.00,
2024-07-12T11:09:44,1028.24,554,29.50,37.00,1042,30.70,18.00,
2024-07-12T11:09:47,552.36,553,29.50,37.00,1041,30.80,18.00,
2024-07-12T11:09:50,618.72,551,29.50,38.00,1040,30.80,18.00,
2024-07-12T11:09:53,1130.86,550,29.40,38.00,1038,30.90,18.00,
2024-07-12T11:09:56,546.09,550,29.40,38.00,1036,30.90,18.00,
2024-07-12T11:09:59,776.27,552,29.40,38.00,1034,30.90,18.00,
2024-07-12T11:10:02,584.58,554,29.40,38.00,1031,30.80,18.00,
2024-07-12T11:10:05,1191.14,557,29.40,38.00,1030,30.80,18.00,
2024-07-12T11:10:09,417.49,560,29.40,38.00,1028,30.80,18.00,
2024-07-12T11:10:12,838.52,562,29.40,38.00,1027,31.00,20.00,
2024-07-12T11:10:15,1015.83,564,29.50,38.00,1025,31.00,20.00,
2024-07-12T11:10:18,586.71,565,29.50,38.00,1024,30.90,18.00,
2024-07-12T11:10:21,798.68,564,29.40,38.00,1022,30.90,18.00,
2024-07-12T11:10:24,1150.15,562,29.50,38.00,1022,31.00,19.00,
2024-07-12T11:10:27,339.92,560,29.40,38.00,1021,31.00,19.00,
2024-07-12T11:10:30,875.03,558,29.40,38.00,1020,31.00,19.00,
2024-07-12T11:10:33,1564.46,556,29.40,38.00,1019,31.10,19.00,
2024-07-12T11:10:36,959.24,555,29.40,38.00,1019,31.00,19.00,
2024-07-12T11:10:39,472.11,554,29.40,38.00,1018,31.00,19.00,
2024-07-12T11:10:42,588.72,553,29.40,38.00,1016,31.10,19.00,
2024-07-12T11:10:46,1294.35,553,29.40,38.00,1011,31.10,19.00,
2024-07-12T11:10:49,982.91,553,29.40,38.00,1008,31.10,19.00,
2024-07-12T11:10:52,1462.21,554,29.40,38.00,1005,31.10,19.00,
2024-07-12T11:10:55,971.09,556,29.40,38.00,1002,31.10,19.00,
2024-07-12T11:10:58,397.55,557,29.40,38.00,1000,31.20,19.00,
2024-07-12T11:11:01,442.83,559,29.40,38.00,998,31.10,19.00,
2024-07-12T11:11:04,727.73,561,29.40,38.00,999,31.10,19.00,
2024-07-12T11:11:07,1242.18,563,29.40,38.00,1000,31.20,19.00,
2024-07-12T11:11:10,891.35,564,29.40,38.00,1002,31.20,19.00,
2024-07-12T11:11:13,542.93,564,29.40,38.00,1004,31.20,19.00,
2024-07-12T11:11:16,688.76,564,29.40,38.00,1008,31.20,19.00,
2024-07-12T11:11:19,955.19,565,29.40,38.00,1010,31.10,19.00,
2024-07-12T11:11:22,518.87,566,29.40,38.00,1013,31.20,19.00,
2024-07-12T11:11:26,368.78,568,29.40,38.00,1015,31.20,19.00,
2024-07-12T11:11:29,637.67,571,29.30,38.00,1016,31.30,19.00,
2024-07-12T11:11:32,1426.86,575,29.30,38.00,1015,31.20,19.00,
2024-07-12T11:11:35,1110.24,577,29.30,38.00,1014,31.30,19.00,
2024-07-12T11:11:38,580.56,580,29.30,38.00,1012,31.20,19.00,
2024-07-12T11:11:41,735.90,582,29.30,38.00,1008,31.20,19.00,
2024-07-12T11:11:44,1285.55,583,29.30,38.00,1006,31.20,19.00,
2024-07-12T11:11:47,1097.16,583,29.30,38.00,1004,31.20,19.00,
2024-07-12T11:11:50,1017.28,583,29.30,38.00,1003,31.30,19.00,
2024-07-12T11:11:53,682.61,584,29.30,38.00,1003,31.20,18.00,
2024-07-12T11:11:56,425.68,584,29.30,38.00,1004,31.30,19.00,
2024-07-12T11:11:59,1306.13,586,29.30,38.00,1005,31.20,18.00,
2024-07-12T11:12:03,1197.10,588,29.30,38.00,1006,31.10,18.00,
2024-07-12T11:12:06,1034.68,589,29.30,38.00,1007,31.30,19.00,
2024-07-12T11:12:09,1131.41,591,29.40,38.00,1006,31.30,19.00,
2024-07-12T11:12:12,1091.81,592,29.30,38.00,1006,31.30,19.00,
2024-07-12T11:12:15,1206.50,590,29.40,38.00,1005,31.30,19.00,
2024-07-12T11:12:18,1390.74,587,29.40,38.00,1005,31.40,19.00,
2024-07-12T11:12:21,678.48,584,29.30,38.00,1004,31.30,19.00,
2024-07-12T11:12:24,760.36,579,29.30,38.00,1004,31.30,19.00,
2024-07-12T11:12:27,728.20,575,29.30,38.00,1004,31.30,19.00,
2024-07-12T11:12:30,507.09,570,29.30,38.00,1004,31.30,19.00,
2024-07-12T11:12:33,398.99,567,29.30,38.00,1006,31.40,19.00,
2024-07-12T11:12:36,450.80,563,29.40,38.00,1005,31.40,19.00,
2024-07-12T11:12:40,586.98,562,29.30,38.00,1005,31.50,18.00,
2024-07-12T11:12:43,892.69,561,29.40,38.00,1004,31.40,18.00,
2024-07-12T11:12:46,600.33,561,29.40,38.00,1002,31.40,18.00,
2024-07-12T11:12:49,418.64,562,29.40,38.00,1001,31.40,18.00,
2024-07-12T11:12:52,470.27,563,29.40,38.00,1000,31.40,18.00,
2024-07-12T11:12:55,362.84,567,29.40,38.00,999,31.40,18.00,
2024-07-12T11:12:58,456.74,568,29.30,38.00,999,31.40,18.00,
2024-07-12T11:13:01,828.49,570,29.30,38.00,1001,31.40,18.00,
2024-07-12T11:13:04,791.41,572,29.30,38.00,1003,31.30,18.00,
2024-07-12T11:13:07,449.02,572,29.30,38.00,1005,31.50,18.00,
2024-07-12T11:13:10,463.66,571,29.30,38.00,1007,31.50,18.00,
2024-07-12T11:13:13,531.96,571,29.30,38.00,1009,31.50,18.00,
2024-07-12T11:13:17,844.20,569,29.30,38.00,1009,31.40,19.00,
2024-07-12T11:13:20,857.75,567,29.30,38.00,1009,31.40,19.00,
2024-07-12T11:13:23,1019.03,565,29.30,38.00,1009,31.50,19.00,
2024-07-12T11:13:26,603.39,563,29.30,38.00,1007,31.40,19.00,
2024-07-12T11:13:29,422.49,561,29.30,38.00,1006,31.40,19.00,
2024-07-12T11:13:32,677.71,561,29.30,38.00,1005,31.50,19.00,
2024-07-12T11:13:35,459.32,561,29.30,38.00,1005,31.40,19.00,
2024-07-12T11:13:38,352.29,562,29.30,38.00,1004,31.50,19.00,
2024-07-12T11:13:41,472.01,563,29.30,38.00,1002,31.40,19.00,
2024-07-12T11:13:44,452.72,566,29.30,38.00,1002,31.50,19.00,
2024-07-12T11:13:47,742.64,568,29.30,38.00,1000,31.50,19.00,
2024-07-12T11:13:50,651.15,569,29.30,38.00,999,31.50,19.00,
2024-07-12T11:13:53,462.15,571,29.30,38.00,997,31.50,19.00,
2024-07-12T11:13:57,651.92,571,29.30,38.00,996,31.50,19.00,
2024-07-12T11:14:00,1155.98,572,29.30,38.00,996,31.50,19.00,
2024-07-12T11:14:03,742.14,572,29.30,38.00,997,31.50,19.00,
2024-07-12T11:14:06,411.38,572,29.30,38.00,999,31.50,19.00,
2024-07-12T11:14:09,740.15,572,29.40,38.00,1001,31.60,19.00,
2024-07-12T11:14:12,1088.46,571,29.40,38.00,1003,31.60,19.00,
2024-07-12T11:14:15,1069.39,573,29.40,38.00,1005,31.60,19.00,
2024-07-12T11:14:18,627.23,574,29.40,38.00,1007,31.50,19.00,
2024-07-12T11:14:21,420.25,575,29.30,38.00,1008,31.50,19.00,
2024-07-12T11:14:24,598.40,576,29.40,38.00,1008,31.50,19.00,
2024-07-12T11:14:27,938.13,578,29.40,38.00,1007,31.50,19.00,
2024-07-12T11:14:30,1270.96,579,29.30,38.00,1006,31.50,19.00,
2024-07-12T11:14:34,1056.80,580,29.30,38.00,1004,31.50,19.00,
2024-07-12T11:14:37,687.98,582,29.40,38.00,1003,31.50,19.00,
2024-07-12T11:14:40,586.46,583,29.40,38.00,1002,31.70,19.00,
2024-07-12T11:14:43,558.35,584,29.40,38.00,1003,31.50,19.00,
2024-07-12T11:14:46,761.39,584,29.40,38.00,1003,31.50,19.00,
2024-07-12T11:14:49,1080.86,585,29.40,38.00,1005,31.60,19.00,
2024-07-12T11:14:52,1160.18,586,29.40,38.00,1007,31.60,19.00,
2024-07-12T11:14:55,1106.96,585,29.40,38.00,1009,31.60,19.00,
2024-07-12T11:14:58,1249.91,584,29.40,38.00,1010,31.60,18.00,
2024-07-12T11:15:01,1283.94,581,29.40,38.00,1010,31.70,18.00,
2024-07-12T11:15:04,923.64,579,29.40,38.00,1010,31.60,18.00,
2024-07-12T11:15:07,693.36,575,29.30,38.00,1009,31.70,18.00,
2024-07-12T11:15:11,591.66,572,29.30,38.00,1008,31.70,18.00,
2024-07-12T11:15:14,1360.67,567,29.40,38.00,1006,31.70,18.00,
2024-07-12T11:15:17,1178.95,562,29.40,38.00,1003,31.60,18.00,
2024-07-12T11:15:20,986.82,559,29.40,38.00,999,31.70,18.00,
2024-07-12T11:15:23,705.84,555,29.40,38.00,997,31.60,18.00,
2024-07-12T11:15:26,537.62,553,29.40,38.00,996,31.80,18.00,
2024-07-12T11:15:29,355.57,553,29.40,38.00,995,31.60,18.00,
2024-07-12T11:15:32,596.84,554,29.40,38.00,995,31.60,18.00,
2024-07-12T11:15:35,1073.19,554,29.40,38.00,995,31.60,18.00,
2024-07-12T11:15:38,1098.84,555,29.40,38.00,995,31.70,18.00,
2024-07-12T11:15:41,590.92,556,29.40,38.00,997,31.70,18.00,
2024-07-12T11:15:44,508.07,558,29.40,38.00,998,31.50,18.00,
2024-07-12T11:15:47,880.82,559,29.40,38.00,999,31.70,18.00,
2024-07-12T11:15:51,994.18,561,29.40,38.00,1001,31.70,18.00,
2024-07-12T11:15:54,1432.02,562,29.40,38.00,1002,31.70,18.00,
2024-07-12T11:15:57,1132.94,563,29.40,38.00,1003,31.80,18.00,
2024-07-12T11:16:00,1424.61,565,29.40,38.00,1003,31.60,18.00,
2024-07-12T11:16:03,1036.66,565,29.40,38.00,1003,31.70,18.00,
2024-07-12T11:16:06,766.29,566,29.40,38.00,1002,31.70,18.00,
2024-07-12T11:16:09,952.61,566,29.40,38.00,1000,31.70,18.00,
2024-07-12T11:16:12,1034.87,566,29.40,38.00,999,31.70,18.00,
2024-07-12T11:16:15,1116.60,567,29.40,38.00,997,31.80,18.00,
2024-07-12T11:16:18,924.50,568,29.40,38.00,996,31.60,18.00,
2024-07-12T11:16:21,597.08,569,29.40,38.00,995,31.80,18.00,
2024-07-12T11:16:24,538.62,569,29.40,38.00,994,31.80,18.00,
2024-07-12T11:16:28,657.70,569,29.40,38.00,995,31.70,18.00,
2024-07-12T11:16:31,598.28,568,29.40,38.00,996,31.70,18.00,
2024-07-12T11:16:34,1171.95,567,29.40,38.00,997,31.70,18.00,
2024-07-12T11:16:37,1073.27,565,29.40,38.00,998,31.70,18.00,
2024-07-12T11:16:40,325.96,563,29.40,38.00,998,31.80,18.00,
2024-07-12T11:16:43,1041.52,560,29.40,38.00,998,31.60,18.00,
2024-07-12T11:16:46,1094.74,559,29.40,38.00,997,31.70,18.00,
2024-07-12T11:16:49,381.50,558,29.40,38.00,996,31.80,18.00,
2024-07-12T11:16:52,996.75,557,29.40,38.00,995,31.70,18.00,
2024-07-12T11:16:55,1080.14,557,29.40,38.00,993,31.80,18.00,
2024-07-12T11:16:58,638.73,557,29.40,38.00,993,31.70,17.00,
2024-07-12T11:17:01,1456.26,558,29.40,38.00,992,31.70,18.00,
2024-07-12T11:17:05,566.31,557,29.40,38.00,992,31.80,18.00,
2024-07-12T11:17:08,942.65,556,29.40,38.00,991,31.70,17.00,
2024-07-12T11:17:11,895.26,555,29.40,38.00,992,31.80,17.00,
2024-07-12T11:17:14,738.95,552,29.40,38.00,993,31.70,17.00,
2024-07-12T11:17:17,1240.04,549,29.40,38.00,994,31.70,17.00,
2024-07-12T11:17:20,820.45,547,29.50,38.00,997,31.80,17.00,
2024-07-12T11:17:23,1197.99,545,29.40,38.00,999,31.70,17.00,
2024-07-12T11:17:26,479.94,542,29.40,38.00,1002,31.80,17.00,
2024-07-12T11:17:29,1268.50,541,29.50,38.00,1004,31.70,17.00,
2024-07-12T11:17:32,472.64,541,29.40,38.00,1005,31.80,17.00,
2024-07-12T11:17:35,720.46,541,29.40,38.00,1004,31.70,18.00,
2024-07-12T11:17:38,1048.16,542,29.40,38.00,1003,31.80,17.00,
2024-07-12T11:17:42,861.02,543,29.40,38.00,1001,31.80,18.00,
2024-07-12T11:17:45,918.75,544,29.40,38.00,999,31.80,17.00,
2024-07-12T11:17:48,1043.76,545,29.40,38.00,997,31.70,18.00,
2024-07-12T11:17:51,736.46,546,29.40,38.00,996,31.80,18.00,
2024-07-12T11:17:54,824.81,545,29.40,38.00,996,31.80,18.00,
2024-07-12T11:17:57,768.09,545,29.40,38.00,995,31.80,18.00,
2024-07-12T11:18:00,873.93,544,29.40,38.00,995,31.80,18.00,
2024-07-12T11:18:03,1070.41,543,29.40,38.00,994,31.70,18.00,
2024-07-12T11:18:06,651.09,542,29.40,38.00,994,31.80,18.00,
2024-07-12T11:18:09,1119.79,541,29.40,38.00,994,31.80,18.00,
2024-07-12T11:18:12,591.66,541,29.50,38.00,993,31.80,18.00,
2024-07-12T11:18:15,1095.06,540,29.50,38.00,992,31.70,17.00,
2024-07-12T11:18:19,1020.30,542,29.50,38.00,992,31.80,17.00,
2024-07-12T11:18:22,756.53,543,29.50,37.00,993,31.80,18.00,
2024-07-12T11:18:25,514.16,543,29.50,37.00,994,31.80,17.00,
2024-07-12T11:18:28,1160.50,543,29.50,37.00,995,31.80,17.00,
2024-07-12T11:18:31,462.17,543,29.50,37.00,997,31.80,17.00,
2024-07-12T11:18:34,1257.57,543,29.50,37.00,998,31.90,17.00,
2024-07-12T11:18:37,691.58,542,29.50,37.00,999,31.80,17.00,
2024-07-12T11:18:40,722.23,542,29.50,37.00,1001,31.70,17.00,
2024-07-12T11:18:43,875.13,542,29.50,38.00,1001,31.80,17.00,
2024-07-12T11:18:46,881.78,543,29.50,38.00,1001,31.90,17.00,
2024-07-12T11:18:49,1320.11,545,29.50,38.00,1001,31.70,17.00,
2024-07-12T11:18:52,566.48,548,29.50,38.00,1001,31.60,17.00,
2024-07-12T11:18:56,1200.91,550,29.50,38.00,1000,31.90,17.00,
2024-07-12T11:18:59,560.52,552,29.50,38.00,999,32.00,17.00,
2024-07-12T11:19:02,905.38,553,29.50,38.00,999,31.80,17.00,
2024-07-12T11:19:05,1068.94,554,29.50,38.00,997,31.80,18.00,
2024-07-12T11:19:08,535.83,552,29.50,37.00,998,31.80,17.00,
2024-07-12T11:19:11,1459.43,550,29.50,37.00,999,31.90,18.00,
2024-07-12T11:19:14,789.81,548,29.50,37.00,1000,31.80,18.00,
2024-07-12T11:19:17,1004.56,546,29.60,37.00,1001,32.00,18.00,
2024-07-12T11:19:20,828.61,545,29.60,37.00,1002,31.80,18.00,
2024-07-12T11:19:23,815.40,544,29.60,37.00,1003,32.00,17.00,
2024-07-12T11:19:26,936.47,544,29.60,37.00,1004,31.90,17.00,
2024-07-12T11:19:29,465.44,546,29.60,37.00,1005,31.80,17.00,
2024-07-12T11:19:33,992.94,548,29.60,37.00,1004,32.00,17.00,
2024-07-12T11:19:36,1219.05,551,29.60,37.00,1002,32.00,17.00,
2024-07-12T11:19:39,531.36,552,29.60,37.00,1000,32.00,17.00,
2024-07-12T11:19:42,1460.13,553,29.50,37.00,998,32.00,17.00,
2024-07-12T11:19:45,744.67,553,29.50,37.00,996,32.00,17.00,
2024-07-12T11:19:48,610.39,553,29.50,37.00,995,31.80,17.00,
2024-07-12T11:19:51,1270.49,549,29.60,37.00,995,32.00,17.00,
2024-07-12T11:19:54,928.89,548,29.60,37.00,996,32.00,17.00,
2024-07-12T11:19:57,943.25,546,29.60,37.00,998,32.00,17.00,
2024-07-12T11:20:00,681.05,545,29.60,37.00,1000,32.00,17.00,
2024-07-12T11:20:03,1410.01,545,29.60,37.00,1002,32.00,17.00,
2024-07-12T11:20:06,527.40,545,29.60,37.00,1004,32.00,17.00,
2024-07-12T11:20:10,825.38,545,29.60,37.00,1004,32.00,17.00,
2024-07-12T11:20:13,888.06,545,29.60,37.00,1004,32.00,17.00,
2024-07-12T11:20:16,454.16,545,29.60,37.00,1003,32.00,17.00,
2024-07-12T11:20:19,1138.21,546,29.60,37.00,1002,32.00,17.00,
2024-07-12T11:20:22,1195.20,546,29.60,37.00,999,32.20,17.00,
2024-07-12T11:20:25,275.40,545,29.60,37.00,997,32.00,17.00,
2024-07-12T11:20:28,456.20,545,29.60,37.00,996,32.10,17.00,
2024-07-12T11:20:31,1175.41,544,29.60,37.00,995,32.10,17.00,
2024-07-12T11:20:34,352.68,544,29.60,37.00,994,32.00,17.00,
2024-07-12T11:20:37,1569.84,543,29.70,37.00,993,32.00,17.00,
2024-07-12T11:20:40,811.62,542,29.70,37.00,993,32.00,17.00,
2024-07-12T11:20:43,1190.01,542,29.70,37.00,994,32.10,17.00,
2024-07-12T11:20:47,1467.73,541,29.70,37.00,994,32.20,17.00,
2024-07-12T11:20:50,1189.03,540,29.70,37.00,995,32.00,18.00,
2024-07-12T11:20:53,632.55,540,29.70,37.00,995,32.10,17.00,
2024-07-12T11:20:56,609.53,539,29.70,37.00,996,32.10,17.00,
2024-07-12T11:20:59,1439.97,539,29.70,37.00,997,32.20,17.00,
2024-07-12T11:21:02,752.59,539,29.70,37.00,997,32.20,17.00,
2024-07-12T11:21:05,701.28,539,29.70,37.00,997,32.00,17.00,
2024-07-12T11:21:08,1505.84,537,29.70,37.00,995,32.00,17.00,
2024-07-12T11:21:11,691.83,538,29.70,37.00,993,32.20,17.00,
2024-07-12T11:21:14,504.80,537,29.70,37.00,991,32.30,17.00,
2024-07-12T11:21:17,1114.24,538,29.70,37.00,989,32.20,17.00,
2024-07-12T11:21:20,796.42,538,29.70,37.00,988,32.30,17.00,
2024-07-12T11:21:24,773.28,538,29.70,37.00,988,32.20,17.00,
2024-07-12T11:21:27,1016.77,540,29.70,37.00,989,32.30,17.00,
2024-07-12T11:21:30,1090.33,541,29.70,37.00,991,32.20,17.00,
2024-07-12T11:21:33,425.45,543,29.70,37.00,994,32.30,18.00,
2024-07-12T11:21:36,1008.11,543,29.70,37.00,999,32.20,17.00,
2024-07-12T11:21:39,705.34,545,29.80,37.00,1002,32.30,17.00,
2024-07-12T11:21:42,1053.81,546,29.70,37.00,1004,32.30,17.00,
2024-07-12T11:21:45,900.97,548,29.80,37.00,1007,32.30,17.00,
2024-07-12T11:21:48,407.92,549,29.80,37.00,1008,32.30,17.00,
2024-07-12T11:21:51,1042.82,548,29.80,37.00,1009,32.30,17.00,
2024-07-12T11:21:54,1117.11,549,29.80,37.00,1008,32.30,17.00,
2024-07-12T11:21:57,793.02,548,29.80,37.00,1007,32.30,17.00,
2024-07-12T11:22:01,568.72,548,29.80,37.00,1006,32.20,17.00,
2024-07-12T11:22:04,981.31,546,29.80,37.00,1004,32.30,17.00,
2024-07-12T11:22:07,1473.13,542,29.80,37.00,1003,32.30,17.00,
2024-07-12T11:22:10,1208.82,541,29.80,37.00,1002,32.30,17.00,
2024-07-12T11:22:13,508.15,540,29.80,37.00,1001,32.30,17.00,
2024-07-12T11:22:16,541.75,538,29.80,37.00,1000,32.30,17.00,
2024-07-12T11:22:19,1269.92,537,29.80,37.00,1000,32.30,17.00,
2024-07-12T11:22:22,1101.02,537,29.80,37.00,1000,32.30,17.00,
2024-07-12T11:22:25,1171.31,537,29.80,37.00,999,32.30,17.00,
2024-07-12T11:22:28,925.08,536,29.80,37.00,999,32.30,17.00,
2024-07-12T11:22:31,752.38,536,29.80,37.00,999,32.30,17.00,
2024-07-12T11:22:34,604.57,537,29.80,37.00,998,32.30,17.00,
2024-07-12T11:22:38,656.33,537,29.80,37.00,997,32.30,17.00,
2024-07-12T11:22:41,1356.96,538,29.80,37.00,996,32.40,17.00,
2024-07-12T11:22:44,902.94,539,29.80,37.00,994,32.30,17.00,
2024-07-12T11:22:47,971.13,540,29.80,37.00,992,32.30,17.00,
2024-07-12T11:22:50,485.13,541,29.80,37.00,991,32.30,17.00,
2024-07-12T11:22:53,405.19,543,29.80,37.00,991,32.30,17.00,
2024-07-12T11:22:56,731.80,545,29.90,37.00,991,32.30,17.00,
2024-07-12T11:22:59,1259.93,545,29.80,37.00,993,32.30,17.00,
2024-07-12T11:23:02,1048.44,547,29.90,37.00,995,32.40,17.00,
2024-07-12T11:23:05,1034.93,548,29.90,37.00,997,32.30,17.00,
2024-07-12T11:23:08,550.49,547,29.90,37.00,1000,32.40,17.00,
2024-07-12T11:23:11,601.69,547,29.90,37.00,1002,32.50,17.00,
2024-07-12T11:23:15,328.27,548,29.90,37.00,1004,32.50,17.00,
2024-07-12T11:23:18,837.12,549,29.90,37.00,1005,32.30,17.00,
2024-07-12T11:23:21,612.76,550,29.90,37.00,1005,32.30,17.00,
2024-07-12T11:23:24,1361.62,550,29.90,37.00,1004,32.50,17.00,
2024-07-12T11:23:27,1190.91,551,29.90,37.00,1004,32.40,17.00,
2024-07-12T11:23:30,835.18,551,29.90,37.00,1003,32.40,17.00,
2024-07-12T11:23:33,487.25,552,29.90,37.00,1002,32.50,17.00,
2024-07-12T11:23:36,478.51,551,29.90,37.00,1001,32.50,17.00,
2024-07-12T11:23:39,582.40,550,29.90,37.00,1001,32.50,17.00,
2024-07-12T11:23:42,1112.43,548,29.90,37.00,1001,32.40,17.00,
2024-07-12T11:23:45,1079.06,546,30.00,37.00,1001,32.50,17.00,
2024-07-12T11:23:48,1028.30,545,30.00,37.00,1000,32.50,17.00,
2024-07-12T11:23:52,1077.29,543,30.00,37.00,1001,32.50,17.00,
2024-07-12T11:23:55,1205.20,542,30.00,37.00,1001,32.50,17.00,
2024-07-12T11:23:58,628.97,543,30.00,37.00,1001,32.50,16.00,
2024-07-12T11:24:01,411.16,543,30.00,37.00,1001,32.50,16.00,
2024-07-12T11:24:04,624.91,544,30.00,37.00,1000,32.50,16.00,
2024-07-12T11:24:07,749.24,545,30.00,37.00,999,32.50,16.00,
2024-07-12T11:24:10,838.20,545,30.00,37.00,996,32.50,16.00,
2024-07-12T11:24:13,553.36,545,30.00,37.00,995,32.60,16.00,
2024-07-12T11:24:16,984.00,544,30.10,37.00,993,32.60,16.00,
2024-07-12T11:24:19,666.01,542,30.10,37.00,990,32.60,16.00,
2024-07-12T11:24:22,1512.62,541,30.10,37.00,991,32.60,16.00,
2024-07-12T11:24:25,1053.91,542,30.10,37.00,992,32.50,16.00,
2024-07-12T11:24:29,694.68,543,30.10,37.00,993,32.50,16.00,
2024-07-12T11:24:32,767.93,544,30.10,37.00,995,32.60,16.00,
2024-07-12T11:24:35,546.91,546,30.10,37.00,996,32.50,16.00,
2024-07-12T11:24:38,1175.00,548,30.10,37.00,997,32.70,16.00,
2024-07-12T11:24:41,1298.41,549,30.10,37.00,997,32.70,16.00,
2024-07-12T11:24:44,1066.67,550,30.10,37.00,998,32.70,16.00,
2024-07-12T11:24:47,726.21,550,30.10,37.00,997,32.70,16.00,
2024-07-12T11:24:50,1165.07,549,30.10,37.00,995,32.60,16.00,
2024-07-12T11:24:53,728.32,548,30.10,37.00,995,32.70,16.00,
2024-07-12T11:24:56,306.82,546,30.10,37.00,995,32.70,16.00,
2024-07-12T11:24:59,842.53,545,30.10,37.00,996,32.80,16.00,
2024-07-12T11:25:02,759.86,544,30.10,37.00,996,32.70,16.00,
2024-07-12T11:25:06,1185.06,544,30.10,37.00,996,32.70,16.00,
2024-07-12T11:25:09,1350.39,544,30.10,37.00,997,32.70,16.00,
2024-07-12T11:25:12,1171.96,545,30.10,37.00,998,32.70,16.00,
2024-07-12T11:25:15,943.14,546,30.10,37.00,998,32.70,16.00,
2024-07-12T11:25:18,983.94,548,30.10,37.00,998,32.80,16.00,
2024-07-12T11:25:21,640.17,549,30.10,37.00,997,32.60,16.00,
2024-07-12T11:25:24,484.13,551,30.10,37.00,996,32.70,16.00,
2024-07-12T11:25:27,799.94,552,30.10,37.00,996,32.70,16.00,
2024-07-12T11:25:30,471.16,554,30.10,37.00,996,32.80,16.00,
2024-07-12T11:25:33,661.82,553,30.10,37.00,996,32.50,16.00,
2024-07-12T11:25:36,600.72,552,30.10,37.00,997,32.50,16.00,
2024-07-12T11:25:39,498.17,550,30.10,37.00,999,32.70,16.00,
2024-07-12T11:25:43,586.08,547,30.10,37.00,1001,32.80,16.00,
2024-07-12T11:25:46,925.31,544,30.10,37.00,1002,32.80,16.00,
2024-07-12T11:25:49,929.66,541,30.10,37.00,1003,32.80,16.00,
2024-07-12T11:25:52,730.57,539,30.20,37.00,1003,32.80,16.00,
2024-07-12T11:25:55,663.10,537,30.20,37.00,1002,32.80,16.00,
2024-07-12T11:25:58,686.41,536,30.20,37.00,1001,32.60,16.00,
2024-07-12T11:26:01,811.73,536,30.20,37.00,1000,32.70,16.00,
2024-07-12T11:26:04,795.09,536,30.20,37.00,1000,32.80,16.00,
2024-07-12T11:26:07,773.23,538,30.20,37.00,1000,32.80,16.00,
2024-07-12T11:26:10,862.42,540,30.20,37.00,1001,32.80,16.00,
2024-07-12T11:26:13,1021.23,543,30.20,37.00,1003,32.80,16.00,
2024-07-12T11:26:16,682.86,544,30.20,37.00,1005,32.70,16.00,
2024-07-12T11:26:20,516.70,545,30.20,37.00,1008,32.80,16.00,
2024-07-12T11:26:23,532.91,547,30.20,37.00,1008,32.80,16.00,
2024-07-12T11:26:26,772.00,548,30.20,37.00,1009,32.80,16.00,
2024-07-12T11:26:29,621.91,547,30.20,37.00,1010,32.80,16.00,
2024-07-12T11:26:32,481.26,547,30.20,37.00,1009,32.80,16.00,
2024-07-12T11:26:35,502.22,547,30.10,37.00,1008,32.70,16.00,
2024-07-12T11:26:38,418.24,547,30.20,37.00,1007,32.80,16.00,
2024-07-12T11:26:41,409.24,548,30.20,37.00,1006,32.80,16.00,
2024-07-12T11:26:44,1027.31,548,30.20,37.00,1006,32.80,16.00,
2024-07-12T11:26:47,1012.12,548,30.10,37.00,1005,32.80,16.00,
2024-07-12T11:26:50,729.12,548,30.20,37.00,1004,32.80,16.00,
2024-07-12T11:26:53,763.89,548,30.20,37.00,1003,32.80,16.00,
2024-07-12T11:26:57,367.90,547,30.20,37.00,1003,32.80,16.00,
2024-07-12T11:27:00,479.52,545,30.20,37.00,1003,32.80,16.00,
2024-07-12T11:27:03,588.56,543,30.20,37.00,1001,32.80,16.00,
2024-07-12T11:27:06,456.84,542,30.20,37.00,1001,32.80,16.00,
2024-07-12T11:27:09,915.67,540,30.20,37.00,1000,32.80,16.00,
2024-07-12T11:27:12,929.89,538,30.20,37.00,999,32.80,16.00,
2024-07-12T11:27:15,1331.50,537,30.20,37.00,997,32.80,16.00,
2024-07-12T11:27:18,1071.80,534,30.20,37.00,994,32.80,16.00,
2024-07-12T11:27:21,1170.82,533,30.20,37.00,992,32.80,16.00,
2024-07-12T11:27:24,1143.52,532,30.20,37.00,989,32.80,16.00,
2024-07-12T11:27:27,902.56,530,30.20,37.00,987,32.80,16.00,
2024-07-12T11:27:30,1257.58,529,30.20,37.00,986,32.80,16.00,
2024-07-12T11:27:34,1047.93,529,30.10,37.00,986,32.70,16.00,
2024-07-12T11:27:37,410.55,531,30.10,37.00,987,32.80,16.00,
2024-07-12T11:27:40,397.22,532,30.20,37.00,990,32.80,16.00,
2024-07-12T11:27:43,1428.16,534,30.10,37.00,992,32.80,16.00,
2024-07-12T11:27:46,873.71,536,30.10,37.00,993,33.80,17.00,
2024-07-12T11:27:49,510.29,538,30.20,37.00,996,32.70,16.00,
2024-07-12T11:27:52,602.61,541,30.10,37.00,997,32.60,16.00,
2024-07-12T11:27:55,1015.31,543,30.10,37.00,998,32.80,16.00,
2024-07-12T11:27:58,1196.36,545,30.10,37.00,998,32.80,16.00,
2024-07-12T11:28:01,1101.75,547,30.10,37.00,997,32.80,16.00,
2024-07-12T11:28:04,929.43,550,30.10,37.00,996,32.80,16.00,
2024-07-12T11:28:07,506.54,552,30.20,37.00,996,32.80,16.00,
2024-07-12T11:28:11,699.03,554,30.20,37.00,995,32.80,16.00,
2024-07-12T11:28:14,643.56,556,30.20,37.00,993,32.80,16.00,
2024-07-12T11:28:17,1139.11,557,30.20,37.00,992,32.80,16.00,
2024-07-12T11:28:20,1105.22,558,30.10,37.00,992,32.80,16.00,
2024-07-12T11:28:23,899.63,557,30.10,37.00,991,32.80,16.00,
2024-07-12T11:28:26,664.68,556,30.10,37.00,990,32.80,16.00,
2024-07-12T11:28:29,834.47,554,30.10,37.00,991,32.80,16.00,
2024-07-12T11:28:32,1129.79,550,30.20,37.00,993,32.80,16.00,
2024-07-12T11:28:35,1411.62,547,30.20,37.00,995,32.80,16.00,
2024-07-12T11:28:38,972.91,543,30.20,37.00,999,32.80,16.00,
2024-07-12T11:28:41,472.44,539,30.20,37.00,1003,32.80,16.00,
2024-07-12T11:28:44,657.34,535,30.20,37.00,1007,32.80,16.00,
2024-07-12T11:28:48,837.49,529,30.20,37.00,1015,32.80,16.00,
2024-07-12T11:28:51,1158.92,527,30.20,37.00,1018,32.80,16.00,
2024-07-12T11:28:54,665.74,526,30.20,37.00,1019,32.80,17.00,
2024-07-12T11:28:57,893.71,525,30.20,37.00,1019,32.70,17.00,
2024-07-12T11:29:00,1467.19,525,30.20,37.00,1018,32.80,17.00,
2024-07-12T11:29:03,1151.04,526,30.20,37.00,1015,32.80,17.00,
2024-07-12T11:29:06,648.87,528,30.20,37.00,1012,32.80,17.00,
2024-07-12T11:29:09,756.94,529,30.20,37.00,1008,32.80,17.00,
2024-07-12T11:29:12,1344.14,530,30.20,37.00,1004,32.80,17.00,
2024-07-12T11:29:15,773.13,532,30.20,37.00,1002,32.80,17.00,
2024-07-12T11:29:18,703.39,534,30.20,37.00,1000,32.80,17.00,
2024-07-12T11:29:21,1565.99,535,30.20,37.00,999,32.70,17.00,
2024-07-12T11:29:25,597.18,535,30.20,37.00,999,32.80,17.00,
2024-07-12T11:29:28,866.52,535,30.20,37.00,999,32.80,17.00,
2024-07-12T11:29:31,1504.17,534,30.20,37.00,1000,32.80,17.00,
2024-07-12T11:29:34,523.79,533,30.20,37.00,1000,32.80,17.00,
2024-07-12T11:29:37,537.05,531,30.20,37.00,1000,32.80,17.00,
2024-07-12T11:29:40,733.38,528,30.20,37.00,1000,32.80,17.00,
2024-07-12T11:29:43,1129.15,526,30.30,37.00,999,32.80,17.00,
2024-07-12T11:29:46,715.81,523,30.30,37.00,998,32.80,17.00,
2024-07-12T11:29:49,457.95,522,30.30,37.00,998,32.80,17.00,
2024-07-12T11:29:52,985.12,520,30.30,37.00,998,32.80,17.00,
2024-07-12T11:29:55,1164.66,520,30.30,37.00,999,32.90,17.00,
2024-07-12T11:29:58,673.03,521,30.40,37.00,1000,32.90,17.00,
2024-07-12T11:30:02,847.83,522,30.40,37.00,1000,32.60,17.00,
2024-07-12T11:30:05,1025.44,524,30.40,37.00,1001,32.80,17.00,
2024-07-12T11:30:08,1164.86,525,30.40,37.00,1000,33.00,18.00,
2024-07-12T11:30:11,1144.71,526,30.40,37.00,1000,32.90,17.00,
2024-07-12T11:30:14,619.16,526,30.40,37.00,999,32.80,17.00,
2024-07-12T11:30:17,850.87,526,30.50,37.00,997,32.80,17.00,
2024-07-12T11:30:20,1184.67,525,30.50,37.00,995,32.80,17.00,
2024-07-12T11:30:23,763.19,525,30.50,37.00,995,32.90,17.00,
2024-07-12T11:30:26,451.02,525,30.50,37.00,994,32.90,17.00,
2024-07-12T11:30:29,1468.51,526,30.50,37.00,994,32.80,17.00,
2024-07-12T11:30:32,1066.84,528,30.50,37.00,995,32.90,17.00,
2024-07-12T11:30:35,751.01,529,30.50,37.00,997,32.90,17.00,
2024-07-12T11:30:39,726.41,531,30.50,37.00,998,32.90,17.00,
2024-07-12T11:30:42,600.69,533,30.50,37.00,998,32.90,17.00,
2024-07-12T11:30:45,1143.95,534,30.50,37.00,1000,32.80,17.00,
2024-07-12T11:30:48,1040.20,535,30.50,37.00,1001,32.90,17.00,
2024-07-12T11:30:51,352.04,534,30.50,37.00,1001,32.90,17.00,
2024-07-12T11:30:54,1131.83,533,30.50,37.00,1001,32.90,17.00,
2024-07-12T11:30:57,1113.59,531,30.50,37.00,1000,32.90,17.00,
2024-07-12T11:31:00,498.26,530,30.60,37.00,1002,32.90,17.00,
2024-07-12T11:31:03,1143.19,528,30.50,36.00,1002,33.00,18.00,
2024-07-12T11:31:06,849.66,527,30.60,36.00,1003,33.00,18.00,
2024-07-12T11:31:09,851.36,527,30.60,36.00,1003,32.90,17.00,
2024-07-12T11:31:12,1269.99,527,30.60,36.00,1003,32.90,17.00,
2024-07-12T11:31:16,964.39,528,30.60,36.00,1005,33.00,18.00,
2024-07-12T11:31:19,592.95,528,30.60,36.00,1004,32.90,17.00,
2024-07-12T11:31:22,953.51,529,30.60,36.00,1005,32.90,16.00,
2024-07-12T11:31:25,745.31,529,30.60,36.00,1005,33.00,18.00,
2024-07-12T11:31:28,717.59,530,30.60,36.00,1005,33.00,18.00,
2024-07-12T11:31:31,1022.59,531,30.60,36.00,1005,32.90,17.00,
2024-07-12T11:31:34,708.21,531,30.60,36.00,1006,33.00,17.00,
2024-07-12T11:31:37,728.42,532,30.70,36.00,1005,33.00,17.00,
2024-07-12T11:31:40,728.17,532,30.60,36.00,1004,33.00,17.00,
2024-07-12T11:31:43,1495.62,532,30.60,36.00,1004,33.00,17.00,
2024-07-12T11:31:46,725.91,531,30.60,36.00,1004,33.00,17.00,
2024-07-12T11:31:49,930.78,530,30.60,36.00,1004,33.00,17.00,
2024-07-12T11:31:53,941.32,530,30.60,36.00,1004,33.00,17.00,
2024-07-12T11:31:56,451.85,528,30.60,36.00,1004,33.00,17.00,
2024-07-12T11:31:59,729.40,527,30.60,36.00,1003,33.00,17.00,
2024-07-12T11:32:02,1094.90,526,30.60,36.00,1003,33.00,17.00,
2024-07-12T11:32:05,864.77,525,30.60,36.00,1003,33.00,17.00,
2024-07-12T11:32:08,1125.63,524,30.60,36.00,1003,33.00,17.00,
2024-07-12T11:32:11,566.51,522,30.60,36.00,1001,33.00,17.00,
2024-07-12T11:32:14,1491.09,520,30.60,36.00,1000,33.00,17.00,
2024-07-12T11:32:17,602.79,518,30.60,36.00,998,32.80,16.00,
2024-07-12T11:32:20,952.55,517,30.60,36.00,997,32.90,16.00,
2024-07-12T11:32:23,818.61,518,30.70,36.00,996,33.00,17.00,
2024-07-12T11:32:26,1034.19,519,30.70,36.00,996,33.00,17.00,
2024-07-12T11:32:30,540.24,521,30.70,36.00,995,33.00,17.00,
2024-07-12T11:32:33,622.34,524,30.70,36.00,995,33.00,17.00,
2024-07-12T11:32:36,1011.83,528,30.70,36.00,995,33.00,17.00,
2024-07-12T11:32:39,637.67,531,30.70,36.00,994,33.00,17.00,
2024-07-12T11:32:42,956.51,535,30.70,36.00,994,33.00,17.00,
2024-07-12T11:32:45,498.45,537,30.70,36.00,994,33.00,17.00,
2024-07-12T11:32:48,1555.42,539,30.70,36.00,995,33.00,17.00,
2024-07-12T11:32:51,549.99,539,30.70,36.00,995,33.00,17.00,
2024-07-12T11:32:54,1196.30,538,30.70,36.00,995,33.00,17.00,
2024-07-12T11:32:57,493.04,537,30.70,36.00,996,33.00,17.00,
2024-07-12T11:33:00,1085.17,535,30.70,36.00,997,33.00,17.00,
2024-07-12T11:33:03,446.86,534,30.70,36.00,998,33.00,17.00,
2024-07-12T11:33:07,1112.63,534,30.70,36.00,999,33.10,17.00,
2024-07-12T11:33:10,481.11,534,30.80,36.00,1001,33.00,17.00,
2024-07-12T11:33:13,877.62,535,30.70,36.00,1003,33.00,17.00,
2024-07-12T11:33:16,477.14,538,30.70,36.00,1006,33.00,17.00,
2024-07-12T11:33:19,941.02,539,30.70,36.00,1007,33.00,17.00,
2024-07-12T11:33:22,523.10,541,30.70,36.00,1007,33.00,16.00,
2024-07-12T11:33:25,1188.17,541,30.70,36.00,1006,33.00,17.00,
2024-07-12T11:33:28,629.36,542,30.70,36.00,1005,33.00,17.00,
2024-07-12T11:33:31,1224.28,542,30.70,36.00,1003,33.00,17.00,
2024-07-12T11:33:34,1152.46,541,30.70,36.00,1002,33.10,16.00,
2024-07-12T11:33:37,479.00,540,30.70,36.00,1002,33.10,16.00,
2024-07-12T11:33:40,1099.53,540,30.70,36.00,1001,33.00,16.00,
2024-07-12T11:33:44,449.77,540,30.70,36.00,1001,33.10,16.00,
2024-07-12T11:33:47,1035.31,539,30.70,36.00,1002,33.00,16.00,
2024-07-12T11:33:50,548.07,539,30.60,36.00,1003,33.00,16.00,
2024-07-12T11:33:53,1495.75,539,30.70,36.00,1005,33.00,16.00,
2024-07-12T11:33:56,607.64,540,30.70,36.00,1007,33.00,16.00,
2024-07-12T11:33:59,1050.94,541,30.70,36.00,1008,33.00,16.00,
2024-07-12T11:34:02,930.61,542,30.60,36.00,1010,33.00,16.00,
2024-07-12T11:34:05,912.37,544,30.60,36.00,1011,33.00,16.00,
2024-07-12T11:34:08,1015.59,545,30.60,36.00,1012,33.10,16.00,
2024-07-12T11:34:11,423.37,547,30.60,36.00,1012,33.00,16.00,
2024-07-12T11:34:14,677.94,548,30.60,36.00,1010,33.10,16.00,
2024-07-12T11:34:17,1363.86,549,30.60,36.00,1009,33.00,16.00,
2024-07-12T11:34:21,751.62,549,30.60,36.00,1006,33.00,16.00,
2024-07-12T11:34:24,540.24,548,30.60,36.00,1003,33.00,16.00,
2024-07-12T11:34:27,1211.67,547,30.60,36.00,999,33.00,16.00,
2024-07-12T11:34:30,679.76,545,30.60,36.00,996,33.20,16.00,
2024-07-12T11:34:33,1483.79,543,30.60,36.00,994,32.80,15.00,
2024-07-12T11:34:36,559.00,540,30.60,36.00,992,32.60,15.00,
2024-07-12T11:34:39,596.66,539,30.60,36.00,991,33.10,16.00,
2024-07-12T11:34:42,1094.90,538,30.60,36.00,990,33.00,16.00,
2024-07-12T11:34:45,627.47,537,30.60,36.00,991,33.10,16.00,
2024-07-12T11:34:48,1003.51,537,30.60,36.00,993,33.10,16.00,
2024-07-12T11:34:51,567.77,538,30.60,36.00,995,33.00,16.00,
2024-07-12T11:34:54,1308.63,539,30.60,36.00,998,33.00,16.00,
2024-07-12T11:34:58,473.67,540,30.70,36.00,1001,33.10,17.00,
2024-07-12T11:35:01,1094.58,541,30.70,36.00,1004,33.10,16.00,
2024-07-12T11:35:04,977.93,540,30.70,36.00,1007,33.00,16.00,
2024-07-12T11:35:07,857.94,540,30.70,36.00,1009,33.20,16.00,
2024-07-12T11:35:10,1197.92,538,30.70,36.00,1010,33.10,16.00,
2024-07-12T11:35:13,620.18,536,30.70,36.00,1011,33.10,16.00,
2024-07-12T11:35:16,826.22,534,30.70,36.00,1011,33.00,16.00,
2024-07-12T11:35:19,1098.27,534,30.60,36.00,1011,33.10,16.00,
2024-07-12T11:35:22,1025.92,534,30.60,36.00,1011,33.10,16.00,
2024-07-12T11:35:25,545.71,535,30.70,36.00,1010,33.10,16.00,
2024-07-12T11:35:28,573.99,536,30.60,36.00,1008,33.10,16.00,
2024-07-12T11:35:31,844.13,540,30.70,36.00,1006,33.10,16.00,
2024-07-12T11:35:35,636.04,542,30.70,36.00,1003,33.10,16.00,
2024-07-12T11:35:38,902.46,543,30.70,36.00,1000,33.30,16.00,
2024-07-12T11:35:41,1323.47,542,30.70,36.00,997,33.10,17.00,
2024-07-12T11:35:44,581.51,542,30.70,36.00,994,33.30,16.00,
2024-07-12T11:35:47,981.73,540,30.70,36.00,992,33.30,17.00,
2024-07-12T11:35:50,1081.22,539,30.70,36.00,991,33.30,17.00,
2024-07-12T11:35:53,698.54,537,30.70,36.00,990,33.30,17.00,
2024-07-12T11:35:56,1117.74,535,30.70,36.00,990,33.20,17.00,
2024-07-12T11:35:59,507.65,534,30.70,36.00,991,33.10,17.00,
2024-07-12T11:36:02,1031.44,533,30.70,36.00,991,33.10,17.00,
2024-07-12T11:36:05,688.02,532,30.70,36.00,993,33.30,17.00,
2024-07-12T11:36:08,519.80,533,30.70,36.00,994,33.10,17.00,
2024-07-12T11:36:12,1379.75,533,30.70,36.00,995,33.20,17.00,
2024-07-12T11:36:15,588.48,533,30.70,36.00,995,33.30,17.00,
2024-07-12T11:36:18,956.51,534,30.70,36.00,995,33.30,17.00,
2024-07-12T11:36:21,790.20,536,30.70,36.00,995,33.30,17.00,
2024-07-12T11:36:24,755.33,538,30.70,36.00,993,33.30,17.00,
2024-07-12T11:36:27,1069.84,540,30.70,36.00,992,33.30,17.00,
2024-07-12T11:36:30,606.27,542,30.70,36.00,991,33.30,17.00,
2024-07-12T11:36:33,1322.02,543,30.70,36.00,990,33.30,17.00,
2024-07-12T11:36:36,880.16,545,30.80,36.00,989,33.30,17.00,
2024-07-12T11:36:39,565.76,545,30.80,36.00,989,33.30,17.00,
2024-07-12T11:36:42,1101.84,545,30.80,36.00,990,33.30,17.00,
2024-07-12T11:36:45,830.82,546,30.80,36.00,991,33.30,17.00,
2024-07-12T11:36:49,501.83,546,30.80,36.00,993,33.00,17.00,
2024-07-12T11:36:52,1670.42,546,30.70,36.00,995,33.30,17.00,
2024-07-12T11:36:55,569.48,545,30.70,36.00,996,33.40,17.00,
2024-07-12T11:36:58,708.73,545,30.70,36.00,996,33.30,17.00,
2024-07-12T11:37:01,884.92,544,30.70,36.00,995,33.40,17.00,
2024-07-12T11:37:04,742.22,544,30.70,36.00,994,33.30,17.00,
2024-07-12T11:37:07,469.07,544,30.80,36.00,992,33.30,17.00,
2024-07-12T11:37:10,947.60,543,30.80,36.00,990,33.40,17.00,
2024-07-12T11:37:13,1204.43,542,30.80,36.00,988,33.30,17.00,
2024-07-12T11:37:16,1203.13,542,30.80,36.00,986,33.30,17.00,
2024-07-12T11:37:19,709.49,542,30.80,36.00,985,33.40,17.00,
2024-07-12T11:37:22,409.04,541,30.80,36.00,985,33.40,17.00,
2024-07-12T11:37:26,487.41,541,30.80,36.00,986,33.40,17.00,
2024-07-12T11:37:29,766.19,540,30.80,36.00,987,33.40,17.00,
2024-07-12T11:37:32,817.56,539,30.80,36.00,989,33.40,17.00,
2024-07-12T11:37:35,789.96,538,30.90,36.00,991,33.40,17.00,
2024-07-12T11:37:38,566.01,537,30.90,36.00,993,33.30,17.00,
2024-07-12T11:37:41,647.77,535,30.90,36.00,994,33.40,17.00,
2024-07-12T11:37:44,1267.64,534,30.90,36.00,995,33.40,17.00,
2024-07-12T11:37:47,877.95,533,30.90,36.00,995,33.40,16.00,
2024-07-12T11:37:50,653.63,534,31.00,36.00,995,33.40,17.00,
2024-07-12T11:37:53,580.52,535,31.00,36.00,995,33.50,16.00,
2024-07-12T11:37:56,1043.88,536,31.00,36.00,995,33.40,17.00,
2024-07-12T11:37:59,982.30,536,31.00,36.00,996,33.40,16.00,
2024-07-12T11:38:03,571.02,537,30.90,36.00,998,33.40,17.00,
2024-07-12T11:38:06,805.65,538,31.00,36.00,1001,33.50,16.00,
2024-07-12T11:38:09,1238.64,537,31.00,36.00,1003,33.40,16.00,
2024-07-12T11:38:12,909.91,537,31.00,36.00,1005,33.50,16.00,
2024-07-12T11:38:15,575.99,536,31.00,36.00,1007,33.40,16.00,
2024-07-12T11:38:18,988.65,536,31.00,36.00,1008,33.40,16.00,
2024-07-12T11:38:21,1252.04,535,31.00,36.00,1008,33.40,16.00,
2024-07-12T11:38:24,1045.20,534,31.00,36.00,1007,33.40,16.00,
2024-07-12T11:38:27,516.95,535,31.00,36.00,1007,33.40,16.00,
2024-07-12T11:38:30,768.90,534,31.00,36.00,1006,33.50,16.00,
2024-07-12T11:38:33,1383.21,535,31.00,36.00,1005,33.40,16.00,
2024-07-12T11:38:36,567.52,535,31.00,36.00,1004,33.50,16.00,
2024-07-12T11:38:40,822.47,535,31.10,36.00,1004,33.50,16.00,
2024-07-12T11:38:43,1126.37,535,31.10,36.00,1005,33.50,16.00,
2024-07-12T11:38:46,643.79,536,31.10,35.00,1005,33.50,16.00,
2024-07-12T11:38:49,1138.37,539,31.10,35.00,1007,33.50,16.00,
2024-07-12T11:38:52,1100.05,539,31.10,35.00,1007,33.50,16.00,
2024-07-12T11:38:55,628.34,542,31.10,35.00,1007,33.50,16.00,
2024-07-12T11:38:58,996.60,544,31.10,35.00,1008,33.30,16.00,
2024-07-12T11:39:01,518.67,546,31.10,35.00,1008,33.30,17.00,
2024-07-12T11:39:04,492.40,548,31.10,35.00,1009,33.50,16.00,
2024-07-12T11:39:07,862.58,549,31.10,35.00,1008,33.50,16.00,
2024-07-12T11:39:10,651.75,551,31.10,35.00,1007,33.50,16.00,
2024-07-12T11:39:13,1531.14,552,31.10,35.00,1006,33.50,16.00,
2024-07-12T11:39:17,963.23,553,31.10,35.00,1004,33.50,16.00,
2024-07-12T11:39:20,555.69,554,31.10,35.00,1001,33.50,16.00,
2024-07-12T11:39:23,663.07,554,31.10,35.00,998,33.50,16.00,
2024-07-12T11:39:26,1487.26,554,31.10,35.00,996,33.50,17.00,
2024-07-12T11:39:29,1100.26,554,31.20,35.00,994,33.50,17.00,
2024-07-12T11:39:32,1103.21,555,31.30,35.00,992,33.50,16.00,
2024-07-12T11:39:35,673.00,553,31.30,35.00,991,33.50,16.00,
2024-07-12T11:39:38,391.89,551,31.30,35.00,991,33.50,16.00,
2024-07-12T11:39:41,882.21,549,31.40,35.00,992,33.50,16.00,
2024-07-12T11:39:44,1414.10,546,31.30,35.00,993,33.60,16.00,
2024-07-12T11:39:47,1125.84,543,31.30,35.00,994,33.50,16.00,
2024-07-12T11:39:50,1178.66,540,31.30,35.00,993,33.50,16.00,
2024-07-12T11:39:54,657.29,537,31.20,35.00,993,33.60,16.00,
2024-07-12T11:39:57,749.21,537,31.30,35.00,991,33.50,16.00,
2024-07-12T11:40:00,786.60,538,31.20,35.00,990,33.50,16.00,
2024-07-12T11:40:03,1046.20,539,31.20,35.00,988,33.60,16.00,
2024-07-12T11:40:06,1575.54,541,31.20,35.00,988,33.50,16.00,
2024-07-12T11:40:09,986.75,544,31.20,35.00,987,33.50,16.00,
2024-07-12T11:40:12,473.10,547,31.20,35.00,986,33.60,16.00,
2024-07-12T11:40:15,453.73,547,31.30,35.00,985,33.50,16.00,
2024-07-12T11:40:18,1061.01,547,31.30,35.00,986,33.50,16.00,
2024-07-12T11:40:21,891.31,547,31.30,35.00,988,33.60,16.00,
2024-07-12T11:40:24,1103.21,547,31.30,35.00,989,33.50,16.00,
2024-07-12T11:40:27,781.71,546,31.30,35.00,991,33.70,16.00,
2024-07-12T11:40:31,449.58,544,31.40,35.00,993,33.60,16.00,
2024-07-12T11:40:34,836.64,543,31.30,35.00,996,33.60,16.00,
2024-07-12T11:40:37,1072.50,543,31.40,35.00,998,33.60,16.00,
2024-07-12T11:40:40,1396.16,543,31.40,35.00,1000,33.60,16.00,
2024-07-12T11:40:43,1055.08,542,31.40,35.00,1001,33.60,17.00,
2024-07-12T11:40:46,695.73,543,31.40,35.00,1002,33.60,16.00,
2024-07-12T11:40:49,604.35,544,31.40,35.00,1002,33.50,17.00,
2024-07-12T11:40:52,1141.06,545,31.50,35.00,1001,33.80,16.00,
2024-07-12T11:40:55,1333.36,546,31.40,35.00,999,33.60,16.00,
2024-07-12T11:40:58,1086.20,547,31.50,35.00,997,33.60,16.00,
2024-07-12T11:41:01,489.49,547,31.50,35.00,997,33.70,16.00,
2024-07-12T11:41:04,598.60,547,31.50,35.00,996,33.70,16.00,
2024-07-12T11:41:07,722.43,547,31.50,35.00,995,33.70,16.00,
2024-07-12T11:41:11,977.68,546,31.50,35.00,994,33.70,16.00,
2024-07-12T11:41:14,1368.01,545,31.50,35.00,994,33.50,16.00,
2024-07-12T11:41:17,1370.78,544,31.50,35.00,994,33.60,16.00,
2024-07-12T11:41:20,1270.72,543,31.50,35.00,994,33.80,16.00,
2024-07-12T11:41:23,674.56,542,31.50,35.00,994,33.80,16.00,
2024-07-12T11:41:26,698.56,541,31.50,35.00,994,33.80,17.00,
2024-07-12T11:41:29,550.95,541,31.50,35.00,994,33.70,16.00,
2024-07-12T11:41:32,1153.77,541,31.50,35.00,994,33.80,16.00,
2024-07-12T11:41:35,1093.95,540,31.50,35.00,995,33.80,16.00,
2024-07-12T11:41:38,922.51,540,31.50,35.00,995,33.70,17.00,
2024-07-12T11:41:41,647.26,539,31.50,35.00,995,33.70,17.00,
2024-07-12T11:41:44,800.30,540,31.50,35.00,996,33.70,16.00,
2024-07-12T11:41:48,633.04,540,31.50,35.00,997,33.80,16.00,
2024-07-12T11:41:51,1449.54,540,31.50,35.00,998,33.80,16.00,
2024-07-12T11:41:54,837.99,541,31.50,35.00,999,33.70,16.00,
2024-07-12T11:41:57,404.65,542,31.50,35.00,1000,33.80,16.00,
2024-07-12T11:42:00,766.57,544,31.50,35.00,1001,33.60,16.00,
2024-07-12T11:42:03,884.98,545,31.50,35.00,1002,33.80,16.00,
2024-07-12T11:42:06,1157.11,546,31.50,35.00,1003,33.80,16.00,
2024-07-12T11:42:09,1201.76,547,31.50,35.00,1004,33.80,17.00,
2024-07-12T11:42:12,724.93,547,31.50,35.00,1003,33.80,16.00,
2024-07-12T11:42:15,675.60,545,31.60,35.00,1003,33.80,16.00,
2024-07-12T11:42:18,579.46,543,31.60,35.00,1002,33.80,16.00,
2024-07-12T11:42:21,726.94,541,31.50,35.00,1003,33.80,16.00,
2024-07-12T11:42:25,1152.15,540,31.50,35.00,1003,33.80,16.00,
2024-07-12T11:42:28,1253.65,540,31.50,35.00,1003,33.80,16.00,
2024-07-12T11:42:31,1179.63,540,31.50,35.00,1003,33.80,16.00,
2024-07-12T11:42:34,1114.65,540,31.50,35.00,1004,33.80,16.00,
2024-07-12T11:42:37,935.28,541,31.50,35.00,1004,33.80,16.00,
2024-07-12T11:42:40,803.33,541,31.50,35.00,1004,33.80,16.00,
2024-07-12T11:42:43,543.40,542,31.50,35.00,1004,33.80,16.00,
2024-07-12T11:42:46,1003.32,543,31.50,35.00,1003,33.90,16.00,
2024-07-12T11:42:49,675.60,544,31.50,35.00,1002,33.90,16.00,
2024-07-12T11:42:52,570.01,544,31.50,35.00,1000,33.80,16.00,
2024-07-12T11:42:55,1106.65,544,31.50,35.00,1000,33.90,16.00,
2024-07-12T11:42:58,788.47,543,31.50,35.00,999,33.90,16.00,
2024-07-12T11:43:02,450.18,543,31.50,35.00,1001,33.90,16.00,
2024-07-12T11:43:05,871.84,543,31.50,35.00,1002,33.90,16.00,
2024-07-12T11:43:08,291.94,542,31.60,35.00,1004,33.90,16.00,
2024-07-12T11:43:11,570.92,540,31.60,35.00,1006,33.90,16.00,
2024-07-12T11:43:14,886.42,539,31.60,35.00,1006,33.90,16.00,
2024-07-12T11:43:17,719.40,538,31.60,35.00,1006,33.90,16.00,
2024-07-12T11:43:20,665.67,538,31.70,35.00,1005,33.90,16.00,
2024-07-12T11:43:23,927.02,538,31.60,35.00,1002,33.90,16.00,
2024-07-12T11:43:26,814.43,538,31.60,35.00,999,33.80,16.00,
2024-07-12T11:43:29,566.41,540,31.60,35.00,996,33.80,16.00,
2024-07-12T11:43:32,561.64,540,31.60,35.00,994,34.20,16.00,
2024-07-12T11:43:36,575.67,541,31.60,35.00,992,34.00,16.00,
2024-07-12T11:43:39,653.56,541,31.60,35.00,992,34.00,16.00,
2024-07-12T11:43:42,789.64,541,31.70,35.00,992,33.90,16.00,
2024-07-12T11:43:45,1333.83,541,31.70,35.00,993,34.00,16.00,
2024-07-12T11:43:48,1539.17,540,31.70,35.00,994,33.90,16.00,
2024-07-12T11:43:51,1122.95,539,31.70,35.00,996,33.90,16.00,
2024-07-12T11:43:54,583.39,539,31.60,35.00,997,33.90,17.00,
2024-07-12T11:43:57,879.83,539,31.70,35.00,997,33.90,16.00,
2024-07-12T11:44:00,690.61,539,31.70,35.00,998,33.90,16.00,
2024-07-12T11:44:03,858.87,539,31.80,35.00,998,33.90,16.00,
2024-07-12T11:44:06,967.93,538,31.70,35.00,998,34.00,16.00,
2024-07-12T11:44:09,1464.84,538,31.70,35.00,998,33.90,16.00,
2024-07-12T11:44:13,1093.19,538,31.70,35.00,998,34.00,16.00,
2024-07-12T11:44:16,636.74,539,31.70,35.00,998,34.00,16.00,
2024-07-12T11:44:19,769.12,539,31.70,35.00,997,33.90,16.00,
2024-07-12T11:44:22,1215.23,540,31.60,35.00,997,34.00,16.00,
2024-07-12T11:44:25,688.54,541,31.60,35.00,995,33.90,16.00,
2024-07-12T11:44:28,1015.78,542,31.60,35.00,995,33.80,16.00,
2024-07-12T11:44:31,1250.86,541,31.60,35.00,995,33.90,16.00,
2024-07-12T11:44:34,940.15,540,31.60,35.00,996,33.90,16.00,
2024-07-12T11:44:37,547.52,538,31.60,35.00,997,34.00,16.00,
2024-07-12T11:44:40,715.64,536,31.70,35.00,998,34.00,16.00,
2024-07-12T11:44:43,492.49,535,31.70,35.00,998,34.00,16.00,
2024-07-12T11:44:46,470.70,534,31.70,35.00,999,34.00,16.00,
2024-07-12T11:44:50,629.54,534,31.70,35.00,998,34.10,16.00,
2024-07-12T11:44:53,667.49,534,31.70,35.00,996,34.00,16.00,
2024-07-12T11:44:56,346.37,533,31.70,35.00,994,34.00,16.00,
2024-07-12T11:44:59,527.51,533,31.70,35.00,992,34.00,16.00,
2024-07-12T11:45:02,707.00,533,31.60,35.00,990,34.00,16.00,
2024-07-12T11:45:05,858.37,534,31.60,35.00,988,34.00,16.00,
2024-07-12T11:45:08,999.34,534,31.60,35.00,987,34.00,16.00,
2024-07-12T11:45:11,1062.21,533,31.60,35.00,987,34.00,16.00,
2024-07-12T11:45:14,1129.79,533,31.70,35.00,989,34.00,16.00,
2024-07-12T11:45:17,1250.54,534,31.60,35.00,991,34.00,16.00,
2024-07-12T11:45:20,1109.24,535,31.60,35.00,993,34.00,16.00,
2024-07-12T11:45:23,720.92,535,31.60,35.00,995,34.00,16.00,
2024-07-12T11:45:27,555.63,536,31.60,35.00,996,34.00,16.00,
2024-07-12T11:45:30,922.12,537,31.60,35.00,998,34.00,16.00,
2024-07-12T11:45:33,1240.84,537,31.60,35.00,998,34.00,16.00,
2024-07-12T11:45:36,608.76,536,31.60,35.00,998,33.90,16.00,
2024-07-12T11:45:39,1170.56,535,31.60,35.00,997,34.90,16.00,
2024-07-12T11:45:42,1331.90,534,31.60,35.00,998,33.80,16.00,
2024-07-12T11:45:45,1337.46,533,31.60,35.00,998,34.10,16.00,
2024-07-12T11:45:48,1463.45,532,31.60,35.00,998,34.00,16.00,
2024-07-12T11:45:51,1398.49,531,31.60,35.00,1000,34.00,15.00,
2024-07-12T11:45:54,1091.62,530,31.60,35.00,1001,34.00,16.00,
2024-07-12T11:45:57,975.68,529,31.60,35.00,1004,34.00,16.00,
2024-07-12T11:46:00,1483.81,529,31.60,35.00,1005,34.00,16.00,
2024-07-12T11:46:04,1453.75,529,31.60,35.00,1006,34.10,16.00,
2024-07-12T11:46:07,1027.09,528,31.60,35.00,1005,34.00,16.00,
2024-07-12T11:46:10,1264.70,528,31.60,35.00,1005,34.00,16.00,
2024-07-12T11:46:13,973.77,528,31.60,35.00,1004,34.00,16.00,
2024-07-12T11:46:16,882.45,529,31.60,35.00,1004,34.00,16.00,
2024-07-12T11:46:19,1194.07,529,31.60,35.00,1002,34.00,15.00,
2024-07-12T11:46:22,1325.96,530,31.60,35.00,1001,34.00,16.00,
2024-07-12T11:46:25,1159.07,531,31.60,35.00,1001,34.00,15.00,
2024-07-12T11:46:28,972.12,534,31.60,35.00,1001,34.00,15.00,
2024-07-12T11:46:31,1188.58,537,31.60,35.00,1000,33.90,15.00,
2024-07-12T11:46:34,765.83,539,31.60,35.00,998,34.00,16.00,
2024-07-12T11:46:37,1395.03,542,31.60,35.00,998,34.00,15.00,
2024-07-12T11:46:41,1132.79,543,31.50,35.00,996,34.00,16.00,
2024-07-12T11:46:44,944.75,542,31.60,35.00,996,34.00,16.00,
2024-07-12T11:46:47,542.01,541,31.60,35.00,996,34.00,16.00,
2024-07-12T11:46:50,609.31,540,31.60,35.00,996,34.00,16.00,
2024-07-12T11:46:53,602.50,538,31.60,35.00,996,34.00,16.00,
2024-07-12T11:46:56,1060.37,537,31.60,35.00,998,34.00,16.00,
2024-07-12T11:46:59,835.16,535,31.60,35.00,998,34.00,16.00,
2024-07-12T11:47:02,1358.32,536,31.60,35.00,999,34.00,16.00,
2024-07-12T11:47:05,998.19,537,31.60,35.00,1001,34.00,16.00,
2024-07-12T11:47:08,971.00,538,31.60,35.00,1002,34.00,15.00,
2024-07-12T11:47:11,677.67,539,31.60,35.00,1001,34.00,15.00,
2024-07-12T11:47:14,628.73,540,31.60,35.00,1001,34.00,15.00,
2024-07-12T11:47:18,604.71,541,31.50,35.00,1001,34.00,15.00,
2024-07-12T11:47:21,515.62,541,31.50,35.00,1001,34.00,15.00,
2024-07-12T11:47:24,649.28,541,31.50,35.00,1002,34.00,15.00,
2024-07-12T11:47:27,1396.36,541,31.50,35.00,1001,34.00,15.00,
2024-07-12T11:47:30,1298.56,540,31.50,35.00,1001,34.00,15.00,
2024-07-12T11:47:33,1090.99,540,31.50,35.00,1001,34.00,15.00,
2024-07-12T11:47:36,708.76,539,31.50,35.00,1002,34.00,15.00,
2024-07-12T11:47:39,491.48,537,31.50,35.00,1002,34.00,15.00,
2024-07-12T11:47:42,537.48,537,31.50,35.00,1002,34.00,15.00,
2024-07-12T11:47:45,587.85,536,31.50,35.00,1001,34.00,15.00,
2024-07-12T11:47:48,871.69,537,31.50,35.00,1000,34.00,15.00,
2024-07-12T11:47:51,640.51,537,31.50,35.00,999,34.00,15.00,
2024-07-12T11:47:55,1216.02,538,31.50,35.00,997,33.80,15.00,
2024-07-12T11:47:58,1030.74,539,31.50,35.00,996,33.80,15.00,
2024-07-12T11:48:01,487.40,540,31.50,35.00,994,33.80,15.00,
2024-07-12T11:48:04,759.29,541,31.50,35.00,993,33.90,15.00,
2024-07-12T11:48:07,1133.46,541,31.50,35.00,993,34.00,15.00,
2024-07-12T11:48:10,1205.28,541,31.50,35.00,994,34.00,15.00,
2024-07-12T11:48:13,1188.99,541,31.50,35.00,994,34.00,15.00,
2024-07-12T11:48:16,1145.94,541,31.50,35.00,995,34.00,15.00,
2024-07-12T11:48:19,653.79,539,31.50,35.00,997,34.00,15.00,
2024-07-12T11:48:22,376.55,537,31.50,35.00,999,33.90,16.00,
2024-07-12T11:48:25,746.51,535,31.50,35.00,1000,34.00,15.00,
2024-07-12T11:48:28,1311.46,533,31.50,35.00,1002,34.00,15.00,
2024-07-12T11:48:32,944.16,532,31.50,35.00,1002,34.00,15.00,
2024-07-12T11:48:35,639.44,531,31.50,34.00,1002,33.90,15.00,
2024-07-12T11:48:38,795.92,529,31.50,35.00,1001,34.00,15.00,
2024-07-12T11:48:41,609.70,529,31.50,35.00,998,33.90,15.00,
2024-07-12T11:48:44,451.36,529,31.50,35.00,996,34.00,15.00,
2024-07-12T11:48:47,658.81,529,31.40,35.00,994,34.00,15.00,
2024-07-12T11:48:50,719.95,529,31.40,35.00,992,34.00,15.00,
2024-07-12T11:48:53,1181.62,529,31.40,35.00,989,34.00,15.00,
2024-07-12T11:48:56,1389.45,528,31.50,35.00,988,34.00,15.00,
2024-07-12T11:48:59,1069.08,527,31.50,35.00,989,33.90,15.00,
2024-07-12T11:49:02,633.23,528,31.40,35.00,990,33.90,15.00,
2024-07-12T11:49:05,607.11,528,31.40,35.00,991,33.90,15.00,
2024-07-12T11:49:09,1348.08,530,31.40,35.00,992,34.00,15.00,
2024-07-12T11:49:12,1097.41,531,31.40,35.00,993,34.00,15.00,
2024-07-12T11:49:15,1502.07,532,31.40,35.00,995,33.90,15.00,
2024-07-12T11:49:18,498.53,534,31.40,35.00,997,33.90,15.00,
2024-07-12T11:49:21,755.33,535,31.50,35.00,998,34.00,15.00,
2024-07-12T11:49:24,503.80,534,31.50,35.00,1000,33.90,15.00,
2024-07-12T11:49:27,731.76,533,31.50,35.00,1002,33.90,15.00,
2024-07-12T11:49:30,1364.56,531,31.40,35.00,1002,34.00,15.00,
2024-07-12T11:49:33,786.32,531,31.40,35.00,1003,33.90,15.00,
2024-07-12T11:49:36,575.36,530,31.40,35.00,1003,33.90,15.00,
2024-07-12T11:49:39,660.41,530,31.40,35.00,1003,33.90,15.00,
2024-07-12T11:49:42,1280.88,531,31.40,35.00,1001,34.00,15.00,
2024-07-12T11:49:46,897.64,531,31.40,35.00,1001,33.90,15.00,
2024-07-12T11:49:49,492.01,532,31.40,35.00,999,34.00,15.00,
2024-07-12T11:49:52,924.65,533,31.40,35.00,998,34.00,15.00,
2024-07-12T11:49:55,1231.80,533,31.40,35.00,997,33.90,15.00,
2024-07-12T11:49:58,1572.00,534,31.40,35.00,995,33.80,15.00,
2024-07-12T11:50:01,799.99,534,31.40,35.00,994,33.80,15.00,
2024-07-12T11:50:04,555.88,535,31.40,35.00,993,33.90,15.00,
2024-07-12T11:50:07,481.60,535,31.30,35.00,992,33.90,15.00,
2024-07-12T11:50:10,1405.19,535,31.30,35.00,991,33.80,15.00,
2024-07-12T11:50:13,641.58,536,31.30,35.00,990,33.70,15.00,
2024-07-12T11:50:16,678.20,537,31.20,35.00,989,33.90,15.00,
2024-07-12T11:50:19,887.65,538,31.30,35.00,990,34.00,15.00,
2024-07-12T11:50:23,1520.99,538,31.20,35.00,990,34.00,15.00,
2024-07-12T11:50:26,1093.09,538,31.20,35.00,989,33.90,15.00,
2024-07-12T11:50:29,725.50,539,31.30,35.00,988,33.80,15.00,
